# relative_time, cycles_done, cur_item, corpus_count, pending_total, pending_favs, map_size, saved_crashes, saved_hangs, max_depth, execs_per_sec, total_execs, edges_found
61, 0, 0, 139, 134, 10, 0.02%, 1, 0, 2, 46.12, 2952, 1577
67, 0, 0, 140, 135, 10, 0.02%, 1, 1, 2, 48.76, 3157, 1579
72, 0, 0, 144, 139, 10, 0.02%, 1, 1, 2, 47.13, 3393, 1586
77, 0, 0, 147, 142, 10, 0.02%, 1, 1, 2, 47.91, 3641, 1591
82, 0, 0, 152, 147, 10, 0.02%, 1, 1, 2, 47.59, 3886, 1603
87, 0, 0, 155, 150, 10, 0.02%, 1, 1, 2, 46.97, 4123, 1605
92, 0, 0, 160, 155, 10, 0.02%, 1, 1, 2, 47.93, 4363, 1611
97, 0, 0, 164, 159, 10, 0.02%, 1, 1, 2, 47.79, 4603, 1618
102, 0, 0, 167, 162, 10, 0.02%, 1, 1, 2, 47.99, 4846, 1619
107, 0, 0, 170, 165, 10, 0.02%, 2, 1, 2, 47.30, 5075, 1650
113, 0, 0, 173, 168, 10, 0.02%, 2, 1, 2, 48.11, 5325, 1666
118, 0, 0, 176, 171, 10, 0.02%, 3, 1, 2, 47.74, 5566, 1667
123, 0, 0, 177, 172, 10, 0.02%, 4, 1, 2, 48.28, 5809, 1672
128, 0, 0, 180, 175, 10, 0.02%, 5, 1, 2, 48.05, 6031, 1684
133, 0, 0, 184, 179, 10, 0.02%, 5, 1, 2, 47.76, 6278, 1706
138, 0, 0, 186, 181, 10, 0.02%, 5, 1, 2, 47.83, 6519, 1714
143, 0, 0, 188, 183, 10, 0.02%, 5, 1, 2, 48.25, 6764, 1716
148, 0, 0, 188, 183, 10, 0.02%, 5, 1, 2, 47.38, 6991, 1716
153, 0, 0, 190, 185, 10, 0.02%, 5, 1, 2, 47.96, 7231, 1731
158, 0, 0, 192, 187, 10, 0.02%, 5, 1, 2, 48.32, 7482, 1737
164, 0, 0, 195, 190, 10, 0.02%, 5, 2, 2, 49.23, 7675, 1744
169, 0, 0, 196, 191, 10, 0.02%, 5, 2, 2, 48.75, 7922, 1752
174, 0, 0, 197, 192, 10, 0.02%, 5, 2, 2, 48.52, 8172, 1754
179, 0, 0, 197, 192, 10, 0.02%, 5, 2, 2, 48.76, 8422, 1754
184, 0, 0, 202, 197, 10, 0.02%, 5, 2, 2, 48.28, 8665, 1759
189, 0, 0, 203, 198, 10, 0.02%, 5, 2, 2, 48.48, 8917, 1759
194, 0, 0, 205, 200, 10, 0.02%, 6, 2, 2, 48.42, 9166, 1759
199, 0, 0, 206, 201, 10, 0.02%, 6, 2, 2, 50.15, 9424, 1759
205, 0, 0, 208, 203, 10, 0.02%, 6, 2, 2, 49.07, 9672, 1769
210, 0, 0, 210, 205, 10, 0.02%, 7, 2, 2, 50.13, 9928, 1776
215, 0, 0, 210, 205, 10, 0.02%, 7, 2, 2, 49.80, 10185, 1776
220, 0, 0, 211, 206, 10, 0.02%, 7, 2, 2, 48.86, 10434, 1776
225, 0, 0, 212, 207, 10, 0.02%, 7, 2, 2, 48.77, 10677, 1776
230, 0, 0, 214, 209, 10, 0.02%, 7, 2, 2, 48.39, 10923, 1779
235, 0, 0, 216, 211, 10, 0.02%, 7, 2, 2, 48.63, 11169, 1782
240, 0, 0, 217, 212, 10, 0.02%, 7, 2, 2, 48.49, 11420, 1782
245, 0, 0, 217, 212, 10, 0.02%, 7, 2, 2, 48.88, 11671, 1782
251, 0, 0, 219, 214, 10, 0.02%, 7, 2, 2, 48.86, 11922, 1786
256, 0, 0, 220, 215, 10, 0.02%, 7, 2, 2, 48.58, 12165, 1787
261, 0, 0, 220, 215, 10, 0.02%, 7, 2, 2, 48.83, 12415, 1787
266, 0, 0, 220, 215, 10, 0.02%, 7, 2, 2, 48.75, 12665, 1787
271, 0, 0, 220, 215, 10, 0.02%, 7, 2, 2, 48.66, 12914, 1787
276, 0, 0, 221, 216, 10, 0.02%, 7, 2, 2, 48.75, 13166, 1792
281, 0, 0, 223, 218, 10, 0.02%, 7, 2, 2, 48.23, 13414, 1794
287, 0, 0, 225, 220, 10, 0.02%, 7, 2, 2, 48.56, 13672, 1799
292, 0, 0, 226, 221, 10, 0.02%, 7, 2, 2, 48.48, 13923, 1806
297, 0, 0, 227, 222, 10, 0.02%, 7, 2, 2, 48.55, 14175, 1806
302, 0, 0, 228, 223, 10, 0.02%, 7, 2, 2, 48.69, 14420, 1807
307, 0, 0, 229, 224, 10, 0.02%, 7, 2, 2, 48.64, 14671, 1807
312, 0, 212, 229, 223, 103, 0.02%, 7, 2, 2, 48.08, 14911, 1807
318, 0, 223, 229, 222, 102, 0.02%, 7, 2, 2, 48.34, 15155, 1807
323, 0, 163, 230, 222, 101, 0.02%, 7, 2, 3, 47.25, 15393, 1807
328, 0, 163, 230, 222, 101, 0.02%, 8, 2, 3, 48.38, 15644, 1807
333, 0, 193, 234, 225, 100, 0.02%, 8, 2, 3, 47.46, 15889, 1810
338, 0, 193, 236, 227, 100, 0.02%, 8, 3, 3, 47.42, 16080, 1833
343, 0, 193, 238, 229, 100, 0.02%, 9, 3, 3, 47.51, 16318, 1837
348, 0, 193, 238, 229, 100, 0.02%, 9, 3, 3, 46.98, 16558, 1837
353, 0, 193, 240, 231, 100, 0.02%, 10, 3, 3, 47.10, 16794, 1839
358, 0, 193, 241, 232, 100, 0.02%, 10, 3, 3, 47.60, 17035, 1843
363, 0, 193, 243, 234, 100, 0.02%, 10, 3, 3, 46.88, 17274, 1853
368, 0, 193, 243, 234, 100, 0.02%, 10, 3, 3, 47.54, 17514, 1853
373, 0, 193, 246, 237, 100, 0.02%, 10, 3, 3, 47.24, 17751, 1857
379, 0, 193, 247, 238, 100, 0.02%, 10, 3, 3, 47.61, 17997, 1859
384, 0, 193, 247, 238, 100, 0.02%, 10, 3, 3, 47.76, 18246, 1859
389, 0, 193, 248, 239, 100, 0.02%, 10, 3, 3, 47.55, 18486, 1859
394, 0, 193, 250, 241, 100, 0.02%, 10, 3, 3, 47.52, 18725, 1862
399, 0, 193, 250, 241, 100, 0.02%, 10, 3, 3, 47.01, 18962, 1862
404, 0, 193, 251, 242, 100, 0.02%, 10, 3, 3, 47.42, 19206, 1862
409, 0, 193, 251, 242, 100, 0.02%, 10, 3, 3, 47.87, 19456, 1862
414, 0, 193, 251, 242, 100, 0.02%, 10, 3, 3, 47.57, 19696, 1862
420, 0, 193, 252, 243, 100, 0.02%, 10, 3, 3, 47.42, 19942, 1863
425, 0, 193, 253, 244, 100, 0.02%, 10, 3, 3, 47.48, 20187, 1866
430, 0, 193, 253, 244, 100, 0.02%, 10, 3, 3, 47.39, 20426, 1866
435, 0, 193, 253, 244, 100, 0.02%, 10, 3, 3, 47.13, 20666, 1866
440, 0, 193, 253, 244, 100, 0.02%, 10, 3, 3, 49.67, 20916, 1866
445, 0, 193, 254, 245, 100, 0.02%, 10, 3, 3, 47.65, 21158, 1869
450, 0, 193, 254, 245, 100, 0.02%, 10, 3, 3, 48.81, 21402, 1869
455, 0, 193, 254, 245, 100, 0.02%, 10, 3, 3, 48.42, 21657, 1869
460, 0, 193, 255, 246, 100, 0.02%, 10, 3, 3, 48.03, 21898, 1870
465, 0, 193, 255, 246, 100, 0.02%, 10, 3, 3, 48.11, 22147, 1870
471, 0, 193, 257, 248, 100, 0.02%, 10, 3, 3, 47.91, 22395, 1883
476, 0, 193, 257, 248, 100, 0.02%, 10, 3, 3, 47.78, 22635, 1883
481, 0, 193, 257, 248, 100, 0.02%, 10, 3, 3, 46.51, 22870, 1883
486, 0, 193, 258, 249, 100, 0.02%, 10, 3, 3, 47.44, 23108, 1887
491, 0, 193, 259, 250, 100, 0.02%, 10, 3, 3, 47.79, 23347, 1888
496, 0, 193, 259, 250, 100, 0.02%, 10, 3, 3, 47.75, 23586, 1888
501, 0, 193, 260, 251, 100, 0.02%, 10, 3, 3, 47.92, 23831, 1889
506, 0, 193, 260, 251, 100, 0.02%, 10, 3, 3, 47.56, 24070, 1889
511, 0, 193, 261, 252, 100, 0.02%, 10, 3, 3, 47.85, 24310, 1890
516, 0, 193, 261, 252, 100, 0.02%, 10, 3, 3, 47.71, 24549, 1890
521, 0, 193, 262, 253, 100, 0.02%, 10, 3, 3, 47.14, 24783, 1890
526, 0, 193, 265, 256, 100, 0.02%, 10, 3, 3, 47.52, 25021, 1897
531, 0, 193, 265, 256, 100, 0.02%, 10, 3, 3, 47.70, 25261, 1897
536, 0, 193, 265, 256, 100, 0.02%, 10, 3, 3, 47.51, 25501, 1897
541, 0, 193, 265, 256, 100, 0.02%, 10, 3, 3, 47.73, 25741, 1897
546, 0, 193, 265, 256, 100, 0.02%, 10, 3, 3, 47.91, 25981, 1897
551, 0, 193, 265, 256, 100, 0.02%, 10, 3, 3, 47.69, 26221, 1897
556, 0, 193, 265, 256, 100, 0.02%, 10, 3, 3, 47.28, 26461, 1897
561, 0, 193, 265, 256, 100, 0.02%, 10, 3, 3, 47.62, 26700, 1897
566, 0, 193, 266, 257, 100, 0.02%, 10, 3, 3, 47.81, 26939, 1898
571, 0, 193, 266, 257, 100, 0.02%, 11, 3, 3, 47.86, 27179, 1898
576, 0, 193, 267, 258, 100, 0.02%, 12, 3, 3, 47.71, 27420, 1899
581, 0, 193, 267, 258, 100, 0.02%, 12, 3, 3, 47.90, 27661, 1899
586, 0, 193, 267, 258, 100, 0.02%, 12, 3, 3, 47.81, 27901, 1899
591, 0, 193, 267, 258, 100, 0.02%, 12, 3, 3, 47.76, 28141, 1899
596, 0, 193, 268, 259, 100, 0.02%, 12, 3, 3, 47.48, 28383, 1899
602, 0, 193, 268, 259, 100, 0.02%, 12, 3, 3, 47.66, 28623, 1899
607, 0, 193, 268, 259, 100, 0.02%, 12, 3, 3, 47.60, 28864, 1899
612, 0, 187, 269, 259, 126, 0.02%, 12, 3, 3, 48.77, 29103, 1904
617, 0, 187, 270, 260, 126, 0.02%, 12, 3, 3, 48.53, 29349, 1906
622, 0, 45, 271, 260, 124, 0.02%, 12, 3, 3, 48.04, 29587, 1907
627, 0, 45, 272, 261, 124, 0.02%, 12, 3, 3, 49.12, 29833, 1909
632, 0, 45, 272, 261, 124, 0.02%, 12, 3, 3, 48.50, 30081, 1909
637, 0, 211, 272, 260, 124, 0.02%, 12, 3, 3, 49.23, 30327, 1909
642, 0, 208, 272, 259, 123, 0.02%, 12, 3, 3, 48.99, 30580, 1909
647, 0, 80, 272, 258, 122, 0.02%, 12, 3, 3, 47.10, 30816, 1909
652, 0, 80, 272, 258, 122, 0.02%, 12, 3, 3, 48.68, 31067, 1909
657, 0, 215, 272, 257, 121, 0.02%, 12, 3, 3, 48.69, 31309, 1909
663, 0, 89, 272, 256, 120, 0.02%, 12, 3, 3, 48.26, 31537, 1909
668, 0, 89, 280, 264, 120, 0.02%, 12, 3, 3, 46.65, 31777, 1921
673, 0, 89, 280, 264, 120, 0.02%, 12, 3, 3, 46.99, 32013, 1921
678, 0, 89, 281, 265, 120, 0.02%, 12, 3, 3, 47.31, 32254, 1921
683, 0, 89, 284, 268, 120, 0.02%, 12, 3, 3, 46.98, 32493, 1937
688, 0, 89, 286, 270, 120, 0.02%, 12, 3, 3, 46.88, 32727, 1939
693, 0, 89, 289, 273, 120, 0.02%, 12, 3, 3, 46.79, 32967, 1942
698, 0, 89, 289, 273, 120, 0.02%, 12, 3, 3, 47.55, 33207, 1942
703, 0, 89, 292, 276, 120, 0.02%, 12, 3, 3, 47.24, 33444, 1946
708, 0, 89, 293, 277, 120, 0.02%, 12, 3, 3, 46.53, 33679, 1952
713, 0, 89, 294, 278, 120, 0.02%, 12, 3, 3, 46.97, 33919, 1953
719, 0, 89, 296, 280, 120, 0.02%, 12, 3, 3, 47.00, 34162, 1954
724, 0, 89, 298, 282, 120, 0.02%, 12, 3, 3, 47.01, 34405, 1957
729, 0, 89, 299, 283, 120, 0.02%, 12, 3, 3, 47.20, 34651, 1972
734, 0, 89, 299, 283, 120, 0.02%, 12, 3, 3, 47.55, 34891, 1972
739, 0, 89, 301, 285, 120, 0.02%, 12, 3, 3, 46.54, 35130, 1972
744, 0, 89, 301, 285, 120, 0.02%, 13, 3, 3, 46.98, 35368, 1972
749, 0, 89, 301, 285, 120, 0.02%, 13, 3, 3, 47.05, 35606, 1972
755, 0, 89, 303, 287, 120, 0.02%, 13, 3, 3, 46.80, 35848, 1985
760, 0, 89, 306, 290, 120, 0.02%, 13, 3, 3, 47.00, 36089, 2005
765, 0, 89, 308, 292, 120, 0.02%, 13, 3, 3, 47.21, 36327, 2010
770, 0, 89, 310, 294, 120, 0.02%, 13, 3, 3, 46.95, 36560, 2010
775, 0, 89, 310, 294, 120, 0.02%, 13, 3, 3, 47.31, 36800, 2010
780, 0, 89, 312, 296, 120, 0.02%, 13, 3, 3, 47.11, 37038, 2013
785, 0, 89, 312, 296, 120, 0.02%, 13, 3, 3, 46.76, 37272, 2013
790, 0, 89, 313, 297, 120, 0.02%, 13, 3, 3, 46.95, 37508, 2013
795, 0, 89, 313, 297, 120, 0.02%, 13, 3, 3, 47.43, 37748, 2013
800, 0, 89, 314, 298, 120, 0.02%, 13, 3, 3, 47.20, 37988, 2014
805, 0, 89, 314, 298, 120, 0.02%, 13, 3, 3, 47.51, 38228, 2014
810, 0, 89, 314, 298, 120, 0.02%, 13, 3, 3, 47.51, 38468, 2014
815, 0, 89, 314, 298, 120, 0.02%, 13, 3, 3, 47.29, 38707, 2014
820, 0, 89, 314, 298, 120, 0.02%, 13, 3, 3, 46.78, 38945, 2014
825, 0, 89, 315, 299, 120, 0.02%, 13, 3, 3, 46.86, 39185, 2020
830, 0, 89, 315, 299, 120, 0.02%, 13, 3, 3, 47.45, 39424, 2020
836, 0, 89, 316, 300, 120, 0.02%, 13, 3, 3, 49.12, 39678, 2023
841, 0, 89, 316, 300, 120, 0.02%, 13, 3, 3, 47.65, 39917, 2023
846, 0, 89, 317, 301, 120, 0.02%, 13, 3, 3, 49.17, 40168, 2025
851, 0, 89, 318, 302, 120, 0.02%, 13, 3, 3, 48.16, 40413, 2048
856, 0, 89, 318, 302, 120, 0.02%, 13, 3, 3, 47.72, 40653, 2048
861, 0, 89, 318, 302, 120, 0.02%, 13, 3, 3, 47.20, 40889, 2048
866, 0, 89, 318, 302, 120, 0.02%, 13, 3, 3, 47.40, 41129, 2048
871, 0, 89, 318, 302, 120, 0.02%, 13, 3, 3, 47.33, 41369, 2048
876, 0, 89, 320, 304, 120, 0.02%, 13, 3, 3, 47.34, 41611, 2049
881, 0, 89, 321, 305, 120, 0.02%, 13, 3, 3, 47.34, 41856, 2050
886, 0, 89, 321, 305, 120, 0.02%, 13, 3, 3, 47.07, 42095, 2050
892, 0, 89, 321, 305, 120, 0.02%, 13, 3, 3, 47.56, 42335, 2050
897, 0, 89, 321, 305, 120, 0.02%, 13, 3, 3, 46.67, 42572, 2050
902, 0, 89, 323, 307, 120, 0.02%, 13, 3, 3, 46.45, 42806, 2051
907, 0, 89, 325, 309, 120, 0.02%, 13, 3, 3, 47.03, 43045, 2069
912, 0, 89, 325, 309, 120, 0.02%, 13, 3, 3, 47.44, 43285, 2069
917, 0, 89, 325, 309, 120, 0.02%, 13, 3, 3, 47.27, 43524, 2069
922, 0, 89, 326, 310, 120, 0.02%, 13, 3, 3, 47.35, 43768, 2069
927, 0, 89, 327, 311, 120, 0.02%, 13, 3, 3, 47.20, 44009, 2071
932, 0, 89, 327, 311, 120, 0.02%, 13, 3, 3, 47.34, 44249, 2071
937, 0, 89, 327, 311, 120, 0.02%, 13, 3, 3, 46.50, 44482, 2071
942, 0, 89, 327, 311, 120, 0.02%, 13, 3, 3, 47.37, 44722, 2071
947, 0, 268, 328, 311, 152, 0.02%, 13, 3, 3, 45.99, 44951, 2071
952, 0, 268, 329, 312, 152, 0.02%, 13, 3, 4, 48.22, 45196, 2073
958, 0, 325, 329, 311, 152, 0.02%, 13, 3, 4, 46.96, 45431, 2073
963, 0, 325, 329, 311, 152, 0.02%, 13, 3, 4, 47.64, 45671, 2073
968, 0, 43, 330, 311, 151, 0.02%, 13, 3, 4, 48.92, 45909, 2073
973, 0, 241, 330, 310, 150, 0.02%, 13, 3, 4, 46.05, 46142, 2073
978, 0, 241, 332, 312, 150, 0.02%, 13, 3, 4, 47.27, 46381, 2077
983, 0, 241, 333, 313, 150, 0.02%, 13, 4, 4, 48.11, 46579, 2077
988, 0, 241, 333, 313, 150, 0.02%, 13, 4, 4, 48.23, 46829, 2077
993, 0, 241, 335, 315, 150, 0.02%, 13, 4, 4, 48.01, 47073, 2080
998, 0, 241, 335, 315, 150, 0.02%, 13, 4, 4, 48.44, 47323, 2080
1004, 0, 241, 335, 315, 150, 0.02%, 14, 4, 4, 48.69, 47574, 2080
1009, 0, 241, 336, 316, 150, 0.02%, 14, 4, 4, 48.41, 47819, 2083
1014, 0, 241, 336, 316, 150, 0.02%, 14, 4, 4, 47.88, 48058, 2083
1019, 0, 241, 336, 316, 150, 0.02%, 14, 4, 4, 48.16, 48307, 2083
1024, 0, 241, 336, 316, 150, 0.02%, 14, 4, 4, 48.11, 48547, 2083
1029, 0, 241, 336, 316, 150, 0.02%, 14, 4, 4, 48.23, 48788, 2083
1034, 0, 241, 336, 316, 150, 0.02%, 14, 5, 4, 50.82, 48998, 2083
1039, 0, 241, 337, 317, 150, 0.02%, 15, 5, 4, 48.23, 49240, 2088
1044, 0, 241, 338, 318, 150, 0.02%, 15, 5, 4, 47.70, 49478, 2088
1049, 0, 241, 338, 318, 150, 0.02%, 15, 5, 4, 46.16, 49710, 2088
1054, 0, 241, 339, 319, 150, 0.02%, 15, 5, 4, 44.58, 49933, 2088
1059, 0, 241, 339, 319, 150, 0.02%, 15, 6, 4, 47.71, 50122, 2088
1064, 0, 241, 339, 319, 150, 0.02%, 15, 6, 4, 47.72, 50361, 2088
1069, 0, 241, 339, 319, 150, 0.02%, 15, 6, 4, 48.03, 50611, 2088
1074, 0, 241, 339, 319, 150, 0.02%, 15, 6, 4, 47.87, 50852, 2088
1079, 0, 241, 339, 319, 150, 0.02%, 15, 7, 4, 47.93, 51044, 2088
1084, 0, 241, 341, 321, 150, 0.02%, 15, 7, 4, 47.84, 51284, 2089
1090, 0, 241, 342, 322, 150, 0.02%, 15, 7, 4, 47.51, 51527, 2089
1095, 0, 241, 342, 322, 150, 0.02%, 15, 7, 4, 47.86, 51767, 2089
1100, 0, 241, 342, 322, 150, 0.02%, 15, 7, 4, 48.16, 52017, 2089
1105, 0, 241, 342, 322, 150, 0.02%, 15, 7, 4, 48.19, 52267, 2089
1110, 0, 241, 342, 322, 150, 0.02%, 15, 8, 4, 46.72, 52461, 2089
1115, 0, 241, 343, 323, 150, 0.02%, 15, 8, 4, 46.93, 52702, 2089
1120, 0, 241, 343, 323, 150, 0.02%, 15, 8, 4, 47.76, 52951, 2089
1125, 0, 241, 343, 323, 150, 0.02%, 15, 8, 4, 47.56, 53191, 2089
1131, 0, 241, 343, 323, 150, 0.02%, 15, 8, 4, 48.08, 53441, 2089
1136, 0, 241, 343, 323, 150, 0.02%, 15, 8, 4, 48.08, 53690, 2089
1141, 0, 241, 344, 324, 150, 0.02%, 15, 8, 4, 47.71, 53933, 2089
1146, 0, 241, 346, 326, 150, 0.02%, 15, 8, 4, 47.68, 54174, 2091
1151, 0, 241, 347, 327, 150, 0.02%, 15, 8, 4, 48.01, 54416, 2092
1156, 0, 241, 347, 327, 150, 0.02%, 15, 8, 4, 47.98, 54666, 2092
1161, 0, 241, 348, 328, 150, 0.02%, 15, 8, 4, 47.56, 54910, 2093
1167, 0, 241, 348, 328, 150, 0.02%, 15, 8, 4, 47.87, 55157, 2093
1172, 0, 241, 348, 328, 150, 0.02%, 15, 8, 4, 48.04, 55407, 2093
1177, 0, 241, 348, 328, 150, 0.02%, 15, 8, 4, 48.09, 55657, 2093
1182, 0, 241, 348, 328, 150, 0.02%, 15, 8, 4, 48.35, 55908, 2093
1187, 0, 241, 349, 329, 150, 0.02%, 15, 8, 4, 48.35, 56149, 2094
1192, 0, 241, 349, 329, 150, 0.02%, 15, 8, 4, 48.28, 56399, 2094
1197, 0, 241, 350, 330, 150, 0.02%, 15, 8, 4, 47.99, 56641, 2094
1203, 0, 241, 350, 330, 150, 0.02%, 15, 8, 4, 47.78, 56889, 2094
1208, 0, 241, 350, 330, 150, 0.02%, 15, 8, 4, 48.10, 57139, 2094
1213, 0, 241, 350, 330, 150, 0.02%, 15, 8, 4, 48.33, 57389, 2094
1218, 0, 241, 350, 330, 150, 0.02%, 15, 8, 4, 48.09, 57638, 2094
1223, 0, 241, 350, 330, 150, 0.02%, 15, 8, 4, 48.34, 57887, 2094
1229, 0, 241, 350, 330, 150, 0.02%, 15, 8, 4, 48.08, 58137, 2094
1234, 0, 241, 350, 330, 150, 0.02%, 15, 8, 4, 50.08, 58393, 2094
1239, 0, 241, 350, 330, 150, 0.02%, 15, 8, 4, 48.04, 58631, 2094
1244, 0, 241, 350, 330, 150, 0.02%, 15, 8, 4, 47.96, 58871, 2094
1249, 0, 241, 350, 330, 150, 0.02%, 15, 8, 4, 48.47, 59121, 2094
1254, 0, 241, 352, 332, 150, 0.02%, 15, 8, 4, 47.85, 59361, 2094
1259, 0, 109, 352, 331, 159, 0.02%, 15, 8, 4, 47.93, 59599, 2094
1264, 0, 109, 353, 332, 159, 0.02%, 15, 8, 4, 48.26, 59844, 2095
1269, 0, 269, 353, 331, 159, 0.02%, 15, 9, 4, 47.87, 60026, 2095
1274, 0, 269, 354, 332, 159, 0.02%, 15, 9, 4, 48.72, 60269, 2096
1279, 0, 96, 354, 331, 159, 0.02%, 15, 9, 4, 48.02, 60504, 2096
1284, 0, 346, 354, 330, 158, 0.02%, 15, 9, 4, 49.98, 60736, 2096
1289, 0, 346, 355, 331, 158, 0.02%, 15, 9, 5, 48.57, 60980, 2096
1295, 0, 346, 355, 331, 158, 0.02%, 16, 9, 5, 48.58, 61232, 2096
1300, 0, 346, 355, 331, 158, 0.02%, 16, 9, 5, 48.10, 61482, 2096
1305, 0, 287, 355, 330, 158, 0.02%, 16, 9, 5, 47.18, 61716, 2096
1310, 0, 354, 355, 329, 157, 0.02%, 16, 9, 5, 48.21, 61966, 2096
1315, 0, 354, 355, 329, 157, 0.02%, 17, 9, 5, 47.71, 62205, 2096
1320, 0, 354, 355, 329, 157, 0.02%, 17, 9, 5, 48.18, 62455, 2096
1325, 0, 255, 356, 329, 157, 0.02%, 17, 9, 6, 47.75, 62681, 2097
1330, 0, 255, 356, 329, 157, 0.02%, 17, 9, 6, 48.65, 62931, 2097
1336, 0, 77, 357, 329, 156, 0.03%, 17, 9, 6, 47.90, 63177, 2098
1341, 0, 339, 357, 328, 156, 0.03%, 17, 9, 6, 45.97, 63411, 2098
1346, 0, 339, 357, 328, 156, 0.03%, 17, 9, 6, 46.95, 63649, 2098
1351, 0, 339, 357, 328, 156, 0.03%, 17, 9, 6, 47.82, 63889, 2098
1356, 0, 291, 357, 327, 155, 0.03%, 17, 9, 6, 47.04, 64125, 2098
1361, 0, 291, 358, 328, 155, 0.03%, 17, 9, 6, 49.69, 64379, 2100
1366, 0, 307, 358, 327, 155, 0.03%, 17, 9, 6, 47.99, 64608, 2100
1371, 0, 316, 358, 326, 154, 0.03%, 17, 9, 6, 46.07, 64831, 2100
1376, 0, 316, 358, 326, 154, 0.03%, 17, 9, 6, 47.47, 65071, 2100
1381, 0, 289, 358, 325, 153, 0.03%, 17, 9, 6, 47.62, 65310, 2100
1386, 0, 289, 358, 325, 153, 0.03%, 17, 9, 6, 47.78, 65549, 2100
1391, 0, 26, 358, 324, 152, 0.03%, 17, 9, 6, 46.74, 65773, 2100
1396, 0, 343, 358, 323, 151, 0.03%, 17, 9, 6, 49.36, 66004, 2100
1401, 0, 343, 358, 323, 151, 0.03%, 17, 9, 6, 48.78, 66254, 2100
1406, 0, 343, 359, 324, 151, 0.03%, 17, 9, 6, 48.11, 66497, 2100
1411, 0, 129, 360, 324, 150, 0.03%, 17, 9, 6, 46.22, 66720, 2100
1417, 0, 129, 360, 324, 150, 0.03%, 17, 9, 6, 47.79, 66970, 2100
1422, 0, 321, 362, 325, 149, 0.03%, 17, 9, 6, 46.58, 67196, 2100
1427, 0, 321, 362, 325, 149, 0.03%, 17, 9, 6, 46.01, 67432, 2100
1432, 0, 321, 362, 325, 149, 0.03%, 17, 9, 6, 47.32, 67672, 2100
1437, 0, 317, 365, 327, 149, 0.03%, 17, 9, 6, 46.93, 67899, 2111
1442, 0, 317, 367, 329, 149, 0.03%, 17, 9, 6, 46.93, 68134, 2112
1447, 0, 317, 368, 330, 149, 0.03%, 17, 9, 6, 46.94, 68378, 2113
1452, 0, 317, 368, 330, 149, 0.03%, 17, 9, 6, 46.92, 68617, 2113
1458, 0, 317, 369, 331, 149, 0.03%, 17, 9, 6, 46.92, 68862, 2114
1463, 0, 317, 370, 332, 149, 0.03%, 17, 9, 6, 47.04, 69101, 2114
1468, 0, 317, 370, 332, 149, 0.03%, 17, 9, 6, 47.00, 69338, 2114
1473, 0, 317, 370, 332, 149, 0.03%, 17, 9, 6, 47.19, 69578, 2114
1478, 0, 317, 372, 334, 149, 0.03%, 17, 9, 6, 46.71, 69819, 2120
1483, 0, 317, 374, 336, 149, 0.03%, 17, 9, 6, 47.00, 70061, 2121
1488, 0, 317, 374, 336, 149, 0.03%, 17, 9, 6, 47.09, 70299, 2121
1493, 0, 317, 376, 338, 149, 0.03%, 17, 9, 6, 47.02, 70539, 2122
1498, 0, 317, 377, 339, 149, 0.03%, 17, 9, 6, 47.05, 70775, 2122
1504, 0, 317, 380, 342, 149, 0.03%, 17, 9, 6, 46.28, 71012, 2141
1509, 0, 317, 380, 342, 149, 0.03%, 17, 9, 6, 46.48, 71249, 2141
1514, 0, 317, 380, 342, 149, 0.03%, 17, 9, 6, 46.89, 71489, 2141
1519, 0, 317, 380, 342, 149, 0.03%, 17, 9, 6, 46.73, 71729, 2141
1524, 0, 317, 380, 342, 149, 0.03%, 17, 9, 6, 47.27, 71969, 2141
1529, 0, 317, 381, 343, 149, 0.03%, 17, 9, 6, 48.63, 72218, 2142
1534, 0, 317, 381, 343, 149, 0.03%, 17, 9, 6, 48.17, 72462, 2142
1539, 0, 317, 381, 343, 149, 0.03%, 17, 9, 6, 47.13, 72701, 2142
1544, 0, 317, 381, 343, 149, 0.03%, 17, 9, 6, 48.15, 72943, 2142
1549, 0, 317, 381, 343, 149, 0.03%, 17, 9, 6, 48.26, 73191, 2142
1554, 0, 317, 383, 345, 149, 0.03%, 17, 9, 6, 47.12, 73430, 2145
1559, 0, 317, 383, 345, 149, 0.03%, 17, 9, 6, 46.91, 73667, 2145
1565, 0, 317, 383, 345, 149, 0.03%, 17, 9, 6, 47.28, 73906, 2145
1570, 0, 317, 383, 345, 149, 0.03%, 17, 9, 6, 48.59, 74150, 2145
1575, 0, 317, 383, 345, 149, 0.03%, 17, 9, 6, 48.28, 74398, 2145
1580, 0, 317, 383, 345, 149, 0.03%, 18, 9, 6, 46.61, 74632, 2145
1585, 0, 317, 384, 346, 149, 0.03%, 18, 9, 6, 48.66, 74890, 2145
1590, 0, 317, 384, 346, 149, 0.03%, 18, 9, 6, 47.80, 75130, 2145
1595, 0, 317, 386, 348, 149, 0.03%, 18, 9, 6, 47.06, 75366, 2150
1600, 0, 317, 386, 348, 149, 0.03%, 18, 9, 6, 47.25, 75606, 2150
1605, 0, 317, 388, 350, 149, 0.03%, 18, 9, 6, 46.88, 75846, 2157
1610, 0, 317, 388, 350, 149, 0.03%, 18, 9, 6, 47.22, 76085, 2157
1615, 0, 317, 388, 350, 149, 0.03%, 18, 9, 6, 46.87, 76323, 2157
1621, 0, 317, 389, 351, 149, 0.03%, 18, 9, 6, 48.16, 76569, 2161
1626, 0, 317, 389, 351, 149, 0.03%, 18, 9, 6, 47.65, 76813, 2161
1631, 0, 317, 389, 351, 149, 0.03%, 18, 9, 6, 47.43, 77051, 2161
1636, 0, 317, 389, 351, 149, 0.03%, 18, 9, 6, 47.06, 77289, 2161
1641, 0, 317, 390, 352, 149, 0.03%, 18, 9, 6, 47.06, 77534, 2162
1646, 0, 317, 390, 352, 149, 0.03%, 18, 9, 6, 47.19, 77773, 2162
1651, 0, 317, 390, 352, 149, 0.03%, 18, 9, 6, 47.08, 78012, 2162
1656, 0, 317, 390, 352, 149, 0.03%, 18, 9, 6, 46.94, 78250, 2162
1661, 0, 317, 390, 352, 149, 0.03%, 18, 9, 6, 46.94, 78490, 2162
1666, 0, 317, 390, 352, 149, 0.03%, 18, 9, 6, 47.31, 78730, 2162
1671, 0, 317, 390, 352, 149, 0.03%, 18, 9, 6, 47.45, 78970, 2162
1676, 0, 317, 390, 352, 149, 0.03%, 18, 9, 6, 47.35, 79210, 2162
1681, 0, 317, 390, 352, 149, 0.03%, 18, 9, 6, 47.36, 79450, 2162
1687, 0, 317, 390, 352, 149, 0.03%, 18, 9, 6, 47.16, 79687, 2162
1692, 0, 317, 391, 353, 149, 0.03%, 18, 9, 6, 46.66, 79927, 2165
1697, 0, 317, 391, 353, 149, 0.03%, 18, 9, 6, 47.14, 80167, 2165
1702, 0, 317, 391, 353, 149, 0.03%, 18, 9, 6, 47.21, 80407, 2165
1707, 0, 317, 392, 354, 149, 0.03%, 18, 9, 6, 47.32, 80650, 2165
1712, 0, 317, 392, 354, 149, 0.03%, 18, 9, 6, 47.61, 80890, 2165
1717, 0, 286, 392, 353, 168, 0.03%, 18, 9, 6, 47.62, 81118, 2165
1722, 0, 306, 393, 353, 168, 0.03%, 18, 9, 6, 46.63, 81347, 2166
1727, 0, 306, 393, 353, 168, 0.03%, 18, 9, 6, 47.53, 81588, 2166
1732, 0, 334, 393, 352, 167, 0.03%, 20, 9, 6, 47.69, 81826, 2166
1737, 0, 334, 394, 353, 167, 0.03%, 20, 9, 6, 47.81, 82075, 2166
1742, 0, 334, 394, 353, 167, 0.03%, 20, 9, 6, 47.46, 82313, 2166
1747, 0, 356, 394, 352, 167, 0.03%, 20, 9, 6, 46.25, 82540, 2166
1753, 0, 356, 394, 352, 167, 0.03%, 20, 9, 6, 47.99, 82789, 2166
1758, 0, 189, 394, 351, 166, 0.03%, 20, 9, 6, 47.60, 83016, 2166
1763, 0, 183, 394, 350, 165, 0.03%, 20, 9, 6, 48.38, 83248, 2166
1768, 0, 183, 394, 350, 165, 0.03%, 20, 9, 6, 47.81, 83497, 2166
1773, 0, 392, 396, 351, 164, 0.03%, 20, 9, 6, 48.19, 83744, 2168
1778, 0, 392, 397, 352, 164, 0.03%, 20, 9, 6, 48.76, 83990, 2169
1783, 0, 392, 397, 352, 164, 0.03%, 20, 9, 6, 48.97, 84240, 2169
1788, 0, 392, 397, 352, 164, 0.03%, 20, 9, 6, 49.13, 84490, 2169
1794, 0, 392, 397, 352, 164, 0.03%, 20, 9, 6, 49.09, 84740, 2169
1799, 0, 392, 397, 352, 164, 0.03%, 20, 9, 6, 49.22, 84990, 2169
1804, 0, 392, 397, 352, 164, 0.03%, 20, 9, 6, 48.90, 85240, 2169
1809, 0, 392, 397, 352, 164, 0.03%, 20, 9, 6, 48.73, 85490, 2169
1814, 0, 367, 397, 351, 166, 0.03%, 20, 9, 6, 48.93, 85722, 2169
1819, 0, 367, 397, 351, 166, 0.03%, 20, 9, 6, 47.39, 85961, 2169
1824, 0, 367, 397, 351, 166, 0.03%, 20, 9, 6, 47.86, 86201, 2169
1829, 0, 335, 397, 350, 165, 0.03%, 20, 9, 6, 48.73, 86451, 2169
1834, 0, 335, 397, 350, 165, 0.03%, 20, 9, 6, 50.31, 86708, 2169
1839, 0, 377, 397, 349, 164, 0.03%, 20, 9, 6, 48.96, 86958, 2169
1845, 0, 377, 399, 351, 164, 0.03%, 20, 9, 6, 46.84, 87196, 2171
1850, 0, 377, 399, 351, 164, 0.03%, 20, 9, 6, 47.63, 87436, 2171
1855, 0, 377, 399, 351, 164, 0.03%, 20, 9, 6, 47.81, 87675, 2171
1860, 0, 377, 399, 351, 164, 0.03%, 20, 9, 6, 48.06, 87924, 2171
1865, 0, 377, 400, 352, 164, 0.03%, 20, 9, 6, 48.03, 88171, 2172
1870, 0, 271, 400, 351, 164, 0.03%, 20, 9, 6, 48.54, 88411, 2172
1875, 0, 393, 400, 350, 163, 0.03%, 20, 9, 6, 48.34, 88645, 2172
1880, 0, 393, 401, 351, 163, 0.03%, 20, 9, 6, 48.13, 88894, 2172
1886, 0, 393, 404, 354, 163, 0.03%, 20, 9, 6, 48.13, 89139, 2175
1891, 0, 393, 404, 354, 163, 0.03%, 20, 9, 6, 48.79, 89389, 2175
1896, 0, 393, 404, 354, 163, 0.03%, 20, 9, 6, 49.05, 89639, 2175
1901, 0, 393, 404, 354, 163, 0.03%, 20, 9, 6, 48.83, 89889, 2175
1906, 0, 393, 404, 354, 163, 0.03%, 20, 9, 6, 48.84, 90139, 2175
1911, 0, 393, 405, 355, 163, 0.03%, 20, 9, 6, 48.33, 90391, 2178
1916, 0, 393, 405, 355, 163, 0.03%, 20, 9, 6, 48.78, 90641, 2178
1922, 0, 393, 405, 355, 163, 0.03%, 20, 9, 6, 48.35, 90890, 2178
1927, 0, 393, 405, 355, 163, 0.03%, 20, 9, 6, 48.71, 91140, 2178
1932, 0, 393, 406, 356, 163, 0.03%, 20, 9, 6, 48.65, 91384, 2178
1937, 0, 393, 406, 356, 163, 0.03%, 20, 9, 6, 48.74, 91634, 2178
1942, 0, 393, 406, 356, 163, 0.03%, 20, 9, 6, 48.74, 91884, 2178
1947, 0, 393, 406, 356, 163, 0.03%, 20, 9, 6, 48.89, 92134, 2178
1952, 0, 393, 406, 356, 163, 0.03%, 20, 9, 6, 48.63, 92384, 2178
1957, 0, 393, 406, 356, 163, 0.03%, 20, 9, 6, 47.85, 92631, 2178
1962, 0, 393, 406, 356, 163, 0.03%, 20, 9, 6, 48.62, 92881, 2178
1968, 0, 393, 406, 356, 163, 0.03%, 20, 9, 6, 48.80, 93132, 2178
1973, 0, 393, 406, 356, 163, 0.03%, 20, 9, 6, 48.83, 93383, 2178
1978, 0, 393, 406, 356, 163, 0.03%, 20, 9, 6, 48.93, 93633, 2178
1983, 0, 393, 406, 356, 163, 0.03%, 20, 9, 6, 48.78, 93883, 2178
1988, 0, 393, 406, 356, 163, 0.03%, 20, 9, 6, 48.48, 94133, 2178
1993, 0, 393, 406, 356, 163, 0.03%, 20, 9, 6, 48.24, 94383, 2178
1998, 0, 393, 406, 356, 163, 0.03%, 20, 9, 6, 48.73, 94632, 2178
2004, 0, 393, 407, 357, 163, 0.03%, 20, 9, 6, 48.65, 94881, 2181
2009, 0, 393, 407, 357, 163, 0.03%, 20, 9, 6, 48.55, 95131, 2181
2014, 0, 393, 407, 357, 163, 0.03%, 20, 9, 6, 48.44, 95381, 2181
2019, 0, 393, 409, 359, 163, 0.03%, 20, 9, 6, 48.51, 95629, 2181
2024, 0, 393, 409, 359, 163, 0.03%, 20, 9, 6, 48.63, 95879, 2181
2029, 0, 393, 409, 359, 163, 0.03%, 20, 9, 6, 48.90, 96129, 2181
2034, 0, 393, 410, 360, 163, 0.03%, 20, 9, 6, 48.25, 96370, 2186
2039, 0, 393, 410, 360, 163, 0.03%, 20, 9, 6, 48.54, 96620, 2186
2045, 0, 393, 410, 360, 163, 0.03%, 20, 9, 6, 48.56, 96870, 2186
2050, 0, 393, 411, 361, 163, 0.03%, 20, 9, 6, 48.63, 97122, 2188
2055, 0, 393, 413, 363, 163, 0.03%, 20, 9, 6, 48.52, 97365, 2189
2060, 0, 393, 413, 363, 163, 0.03%, 20, 9, 6, 48.72, 97615, 2189
2065, 0, 393, 413, 363, 163, 0.03%, 20, 9, 6, 48.85, 97865, 2189
2070, 0, 393, 413, 363, 163, 0.03%, 20, 9, 6, 48.15, 98114, 2189
2075, 0, 393, 413, 363, 163, 0.03%, 20, 9, 6, 48.67, 98364, 2189
2080, 0, 393, 413, 363, 163, 0.03%, 20, 9, 6, 48.75, 98614, 2189
2086, 0, 393, 413, 363, 163, 0.03%, 20, 9, 6, 49.07, 98865, 2189
2091, 0, 393, 413, 363, 163, 0.03%, 20, 9, 6, 48.85, 99115, 2189
2096, 0, 393, 413, 363, 163, 0.03%, 20, 9, 6, 48.82, 99366, 2189
2101, 0, 393, 414, 364, 163, 0.03%, 20, 9, 6, 50.23, 99627, 2190
2106, 0, 393, 414, 364, 163, 0.03%, 20, 9, 6, 49.02, 99877, 2190
2111, 0, 393, 414, 364, 163, 0.03%, 20, 9, 6, 48.39, 100125, 2190
2116, 0, 393, 414, 364, 163, 0.03%, 20, 9, 6, 48.55, 100375, 2190
2122, 0, 393, 414, 364, 163, 0.03%, 20, 9, 6, 48.64, 100625, 2190
2127, 0, 393, 414, 364, 163, 0.03%, 20, 9, 6, 48.67, 100875, 2190
2132, 0, 393, 414, 364, 163, 0.03%, 20, 9, 6, 48.64, 101125, 2190
2137, 0, 393, 414, 364, 163, 0.03%, 20, 9, 6, 48.55, 101375, 2190
2142, 0, 393, 414, 364, 163, 0.03%, 20, 9, 6, 48.18, 101625, 2190
2147, 0, 393, 414, 364, 163, 0.03%, 20, 9, 6, 47.89, 101873, 2190
2152, 0, 281, 415, 364, 169, 0.03%, 20, 9, 6, 46.92, 102098, 2190
2157, 0, 281, 417, 366, 169, 0.03%, 20, 9, 6, 47.02, 102334, 2190
2163, 0, 281, 418, 367, 169, 0.03%, 20, 9, 6, 46.95, 102572, 2193
2168, 0, 281, 419, 368, 169, 0.03%, 21, 9, 6, 47.31, 102809, 2193
2173, 0, 281, 420, 369, 169, 0.03%, 21, 9, 6, 47.12, 103052, 2195
2178, 0, 281, 421, 370, 169, 0.03%, 21, 9, 6, 47.01, 103290, 2195
2183, 0, 281, 422, 371, 169, 0.03%, 21, 10, 6, 46.66, 103480, 2195
2188, 0, 281, 424, 373, 169, 0.03%, 21, 10, 6, 47.05, 103719, 2196
2193, 0, 281, 425, 374, 169, 0.03%, 21, 10, 6, 47.34, 103961, 2196
2198, 0, 281, 425, 374, 169, 0.03%, 21, 10, 6, 47.10, 104198, 2196
2203, 0, 281, 425, 374, 169, 0.03%, 21, 10, 6, 47.19, 104436, 2196
2208, 0, 281, 426, 375, 169, 0.03%, 21, 10, 6, 47.16, 104676, 2201
2213, 0, 281, 426, 375, 169, 0.03%, 21, 10, 6, 47.34, 104915, 2201
2218, 0, 281, 426, 375, 169, 0.03%, 21, 10, 6, 47.82, 105155, 2201
2223, 0, 281, 426, 375, 169, 0.03%, 21, 11, 6, 47.31, 105344, 2201
2228, 0, 281, 426, 375, 169, 0.03%, 21, 11, 6, 47.29, 105582, 2201
2234, 0, 281, 427, 376, 169, 0.03%, 21, 11, 6, 47.04, 105823, 2201
2239, 0, 281, 427, 376, 169, 0.03%, 23, 11, 6, 47.63, 106072, 2201
2244, 0, 281, 427, 376, 169, 0.03%, 25, 11, 6, 47.20, 106311, 2201
2249, 0, 281, 428, 377, 169, 0.03%, 25, 11, 6, 47.11, 106552, 2202
2254, 0, 281, 428, 377, 169, 0.03%, 25, 11, 6, 47.24, 106791, 2202
2259, 0, 281, 428, 377, 169, 0.03%, 26, 11, 6, 47.05, 107029, 2202
2264, 0, 281, 428, 377, 169, 0.03%, 26, 11, 6, 46.93, 107265, 2202
2269, 0, 281, 428, 377, 169, 0.03%, 26, 11, 6, 47.49, 107505, 2202
2274, 0, 281, 429, 378, 169, 0.03%, 26, 11, 6, 49.39, 107756, 2202
2279, 0, 281, 429, 378, 169, 0.03%, 26, 11, 6, 47.89, 107996, 2202
2284, 0, 281, 430, 379, 169, 0.03%, 26, 11, 6, 47.25, 108236, 2202
2289, 0, 281, 430, 379, 169, 0.03%, 26, 11, 6, 47.27, 108474, 2202
2295, 0, 281, 431, 380, 169, 0.03%, 26, 11, 6, 47.44, 108716, 2203
2300, 0, 281, 431, 380, 169, 0.03%, 26, 11, 6, 46.66, 108950, 2203
2305, 0, 281, 432, 381, 169, 0.03%, 26, 11, 6, 47.14, 109195, 2206
2310, 0, 281, 432, 381, 169, 0.03%, 28, 11, 6, 47.60, 109436, 2206
2315, 0, 281, 432, 381, 169, 0.03%, 28, 11, 6, 47.19, 109675, 2206
2320, 0, 281, 432, 381, 169, 0.03%, 28, 11, 6, 47.43, 109916, 2206
2325, 0, 281, 432, 381, 169, 0.03%, 28, 11, 6, 47.56, 110154, 2206
2330, 0, 281, 432, 381, 169, 0.03%, 28, 11, 6, 47.57, 110394, 2206
2335, 0, 281, 433, 382, 169, 0.03%, 28, 11, 6, 46.43, 110636, 2218
2340, 0, 281, 433, 382, 169, 0.03%, 28, 11, 6, 47.16, 110877, 2218
2345, 0, 281, 433, 382, 169, 0.03%, 28, 11, 6, 47.34, 111116, 2218
2351, 0, 281, 433, 382, 169, 0.03%, 28, 11, 6, 47.29, 111356, 2218
2356, 0, 281, 434, 383, 169, 0.03%, 28, 11, 6, 47.72, 111597, 2218
2361, 0, 281, 434, 383, 169, 0.03%, 28, 11, 6, 47.35, 111835, 2218
2366, 0, 281, 434, 383, 169, 0.03%, 28, 11, 6, 47.58, 112074, 2218
2371, 0, 281, 435, 384, 169, 0.03%, 28, 11, 6, 47.38, 112314, 2218
2376, 0, 281, 435, 384, 169, 0.03%, 28, 11, 6, 46.85, 112550, 2218
2381, 0, 281, 435, 384, 169, 0.03%, 28, 11, 6, 47.52, 112790, 2218
2386, 0, 281, 435, 384, 169, 0.03%, 28, 11, 6, 47.44, 113029, 2218
2391, 0, 281, 435, 384, 169, 0.03%, 28, 11, 6, 47.67, 113269, 2218
2396, 0, 281, 435, 384, 169, 0.03%, 29, 11, 6, 47.31, 113509, 2218
2401, 0, 281, 435, 384, 169, 0.03%, 29, 11, 6, 46.87, 113747, 2218
2406, 0, 281, 435, 384, 169, 0.03%, 29, 11, 6, 47.23, 113984, 2218
2411, 0, 281, 435, 384, 169, 0.03%, 29, 11, 6, 46.79, 114221, 2218
2416, 0, 281, 436, 385, 169, 0.03%, 29, 12, 6, 47.35, 114418, 2218
2421, 0, 281, 436, 385, 169, 0.03%, 29, 12, 6, 47.48, 114657, 2218
2426, 0, 281, 436, 385, 169, 0.03%, 29, 12, 6, 47.20, 114896, 2218
2431, 0, 281, 437, 386, 169, 0.03%, 29, 12, 6, 46.79, 115131, 2218
2437, 0, 368, 438, 386, 175, 0.03%, 29, 12, 6, 48.23, 115363, 2218
2442, 0, 368, 438, 386, 175, 0.03%, 29, 12, 6, 50.57, 115625, 2218
2447, 0, 368, 438, 386, 175, 0.03%, 29, 12, 6, 48.85, 115877, 2218
2452, 0, 388, 438, 385, 174, 0.03%, 29, 12, 6, 48.90, 116098, 2218
2457, 0, 388, 438, 385, 174, 0.03%, 29, 12, 6, 48.52, 116348, 2218
2462, 0, 388, 438, 385, 174, 0.03%, 29, 12, 6, 48.15, 116598, 2218
2467, 0, 314, 440, 386, 173, 0.03%, 29, 12, 6, 47.53, 116838, 2224
2472, 0, 314, 441, 387, 173, 0.03%, 29, 12, 6, 47.78, 117077, 2225
2477, 0, 314, 441, 387, 173, 0.03%, 29, 12, 6, 47.16, 117313, 2225
2482, 0, 314, 441, 387, 173, 0.03%, 29, 12, 6, 47.52, 117553, 2225
2488, 0, 323, 442, 387, 174, 0.03%, 29, 12, 6, 46.10, 117775, 2225
2493, 0, 323, 443, 388, 174, 0.03%, 29, 12, 6, 47.19, 118013, 2229
2498, 0, 323, 446, 391, 174, 0.03%, 29, 12, 6, 47.99, 118265, 2234
2503, 0, 295, 446, 390, 175, 0.03%, 29, 12, 6, 48.02, 118489, 2234
2508, 0, 204, 446, 389, 174, 0.03%, 29, 12, 6, 47.86, 118738, 2234
2513, 0, 204, 446, 389, 174, 0.03%, 29, 12, 6, 48.31, 118988, 2234
2518, 0, 336, 447, 389, 173, 0.03%, 29, 12, 6, 46.91, 119209, 2235
2523, 0, 336, 447, 389, 173, 0.03%, 30, 12, 6, 47.35, 119449, 2235
2528, 0, 336, 447, 389, 173, 0.03%, 30, 12, 6, 47.59, 119696, 2235
2533, 0, 123, 447, 388, 173, 0.03%, 30, 12, 6, 48.81, 119917, 2235
2539, 0, 123, 447, 388, 173, 0.03%, 30, 12, 6, 48.55, 120167, 2235
2544, 0, 141, 447, 387, 172, 0.03%, 30, 12, 6, 47.94, 120394, 2235
2546, 0, 141, 447, 387, 172, 0.03%, 30, 12, 6, 0.00, 120514, 2235
