# unix_time, cycles_done, cur_path, paths_total, pending_total, pending_favs, map_size, unique_crashes, unique_hangs, max_depth, execs_per_sec
1690903185, 0, 0, 1, 1, 1, 0.01%, 0, 0, 1, 2000.00
1690903190, 116, 0, 1, 0, 0, 0.01%, 0, 1, 1, 7545.00
1690903195, 266, 0, 1, 0, 0, 0.01%, 0, 1, 1, 7447.47
1690903200, 415, 0, 1, 0, 0, 0.01%, 0, 1, 1, 7384.78
1690903206, 565, 0, 1, 0, 0, 0.01%, 0, 1, 1, 7422.58
1690903211, 715, 0, 1, 0, 0, 0.01%, 0, 1, 1, 7392.77
1690903216, 865, 0, 1, 0, 0, 0.01%, 0, 1, 1, 7364.58
1690903221, 1008, 0, 1, 0, 0, 0.01%, 0, 1, 1, 7350.56
1690903226, 1158, 0, 1, 0, 0, 0.01%, 0, 1, 1, 7411.69
1690903231, 1302, 0, 1, 0, 0, 0.01%, 0, 1, 1, 7364.11
1690903236, 1450, 0, 1, 0, 0, 0.01%, 0, 1, 1, 7313.81
1690903241, 1594, 0, 1, 0, 0, 0.01%, 0, 1, 1, 7313.99
1690903247, 1738, 0, 1, 0, 0, 0.01%, 0, 1, 1, 7319.42
1690903252, 1881, 0, 1, 0, 0, 0.01%, 0, 1, 1, 7309.85
1690903257, 2025, 0, 1, 0, 0, 0.01%, 0, 1, 1, 7319.47
1690903262, 2169, 0, 1, 0, 0, 0.01%, 0, 1, 1, 7324.30
1690903267, 2313, 0, 1, 0, 0, 0.01%, 0, 1, 1, 7282.12
1690903272, 2456, 0, 1, 0, 0, 0.01%, 0, 1, 1, 7292.65
1690903277, 2600, 0, 1, 0, 0, 0.01%, 0, 1, 1, 7287.11
1690903282, 2744, 0, 1, 0, 0, 0.01%, 0, 1, 1, 7310.24
1690903287, 2887, 0, 1, 0, 0, 0.01%, 0, 1, 1, 7249.99
1690903292, 3030, 0, 1, 0, 0, 0.01%, 0, 1, 1, 7266.32
1690903297, 3174, 0, 1, 0, 0, 0.01%, 0, 1, 1, 7263.04
1690903302, 3318, 0, 1, 0, 0, 0.01%, 0, 1, 1, 7295.70
1690903307, 3462, 0, 1, 0, 0, 0.01%, 0, 1, 1, 7232.99
1690903312, 3605, 0, 1, 0, 0, 0.01%, 0, 1, 1, 7135.65
1690903317, 3749, 0, 1, 0, 0, 0.01%, 0, 1, 1, 7135.49
1690903323, 3893, 0, 1, 0, 0, 0.01%, 0, 1, 1, 7163.66
1690903328, 4036, 0, 1, 0, 0, 0.01%, 0, 1, 1, 7147.92
1690903333, 4179, 0, 1, 0, 0, 0.01%, 0, 1, 1, 7094.72
1690903338, 4323, 0, 1, 0, 0, 0.01%, 0, 1, 1, 7125.12
1690903343, 4465, 0, 1, 0, 0, 0.01%, 0, 1, 1, 7097.10
1690903348, 4605, 0, 1, 0, 0, 0.01%, 0, 1, 1, 7070.68
1690903353, 4746, 0, 1, 0, 0, 0.01%, 0, 1, 1, 7079.17
1690903358, 4888, 0, 1, 0, 0, 0.01%, 0, 1, 1, 7161.12
1690903363, 5032, 0, 1, 0, 0, 0.01%, 0, 1, 1, 7298.35
1690903368, 5176, 0, 1, 0, 0, 0.01%, 0, 1, 1, 7278.22
1690903374, 5319, 0, 1, 0, 0, 0.01%, 0, 1, 1, 7240.79
1690903379, 5463, 0, 1, 0, 0, 0.01%, 0, 1, 1, 7276.39
1690903384, 5606, 0, 1, 0, 0, 0.01%, 0, 1, 1, 7255.57
1690903389, 5750, 0, 1, 0, 0, 0.01%, 0, 1, 1, 7291.98
1690903394, 5900, 0, 1, 0, 0, 0.01%, 0, 1, 1, 7436.26
1690903399, 6050, 0, 1, 0, 0, 0.01%, 0, 1, 1, 7456.93
1690903404, 6200, 0, 1, 0, 0, 0.01%, 0, 1, 1, 7438.26
1690903409, 6343, 0, 1, 0, 0, 0.01%, 0, 1, 1, 7289.38
1690903414, 6492, 0, 1, 0, 0, 0.01%, 0, 1, 1, 7391.00
1690903420, 6642, 0, 1, 0, 0, 0.01%, 0, 1, 1, 7435.00
1690903425, 6791, 0, 1, 0, 0, 0.01%, 0, 1, 1, 7424.07
1690903430, 6941, 0, 1, 0, 0, 0.01%, 0, 1, 1, 7440.09
1690903435, 7091, 0, 1, 0, 0, 0.01%, 0, 1, 1, 7443.30
1690903440, 7241, 0, 1, 0, 0, 0.01%, 0, 1, 1, 7458.32
1690903445, 7385, 0, 1, 0, 0, 0.01%, 0, 1, 1, 7333.16
1690903450, 7528, 0, 1, 0, 0, 0.01%, 0, 1, 1, 7287.64
1690903455, 7671, 0, 1, 0, 0, 0.01%, 0, 1, 1, 7261.33
1690903460, 7815, 0, 1, 0, 0, 0.01%, 0, 1, 1, 7304.77
1690903465, 7959, 0, 1, 0, 0, 0.01%, 0, 1, 1, 7331.29
1690903470, 8102, 0, 1, 0, 0, 0.01%, 0, 1, 1, 7255.06
1690903475, 8245, 0, 1, 0, 0, 0.01%, 0, 1, 1, 7233.12
1690903481, 8389, 0, 1, 0, 0, 0.01%, 0, 1, 1, 7254.00
1690903486, 8533, 0, 1, 0, 0, 0.01%, 0, 1, 1, 7293.00
1690903491, 8676, 0, 1, 0, 0, 0.01%, 0, 1, 1, 7313.05
1690903496, 8826, 0, 1, 0, 0, 0.01%, 0, 1, 1, 7395.71
1690903501, 8976, 0, 1, 0, 0, 0.01%, 0, 1, 1, 7474.12
1690903506, 9126, 0, 1, 0, 0, 0.01%, 0, 1, 1, 7470.28
1690903511, 9276, 0, 1, 0, 0, 0.01%, 0, 1, 1, 7459.50
1690903516, 9425, 0, 1, 0, 0, 0.01%, 0, 1, 1, 7328.80
1690903521, 9568, 0, 1, 0, 0, 0.01%, 0, 1, 1, 7297.99
1690903526, 9711, 0, 1, 0, 0, 0.01%, 0, 1, 1, 7279.60
1690903531, 9855, 0, 1, 0, 0, 0.01%, 0, 1, 1, 7289.45
1690903537, 9999, 0, 1, 0, 0, 0.01%, 0, 1, 1, 7279.69
1690903542, 10142, 0, 1, 0, 0, 0.01%, 0, 1, 1, 7257.79
1690903547, 10286, 0, 1, 0, 0, 0.01%, 0, 1, 1, 7261.75
1690903552, 10430, 0, 1, 0, 0, 0.01%, 0, 1, 1, 7285.24
1690903557, 10574, 0, 1, 0, 0, 0.01%, 0, 1, 1, 7296.16
1690903562, 10718, 0, 1, 0, 0, 0.01%, 0, 1, 1, 7292.20
1690903567, 10861, 0, 1, 0, 0, 0.01%, 0, 1, 1, 7237.10
1690903572, 11005, 0, 1, 0, 0, 0.01%, 0, 1, 1, 7298.50
1690903577, 11149, 0, 1, 0, 0, 0.01%, 0, 1, 1, 7282.79
1690903582, 11293, 0, 1, 0, 0, 0.01%, 0, 1, 1, 7275.34
1690903587, 11436, 0, 1, 0, 0, 0.01%, 0, 1, 1, 7240.93
1690903592, 11580, 0, 1, 0, 0, 0.01%, 0, 1, 1, 7263.08
1690903597, 11724, 0, 1, 0, 0, 0.01%, 0, 1, 1, 7250.03
1690903602, 11868, 0, 1, 0, 0, 0.01%, 0, 1, 1, 7290.37
1690903607, 12011, 0, 1, 0, 0, 0.01%, 0, 1, 1, 7206.25
1690903612, 12142, 0, 1, 0, 0, 0.01%, 0, 1, 1, 6495.10
1690903618, 12251, 0, 1, 0, 0, 0.01%, 0, 1, 1, 5745.29
1690903623, 12363, 0, 1, 0, 0, 0.01%, 0, 1, 1, 5598.22
1690903628, 12491, 0, 1, 0, 0, 0.01%, 0, 1, 1, 6547.84
1690903633, 12635, 0, 1, 0, 0, 0.01%, 0, 1, 1, 7120.58
1690903638, 12779, 0, 1, 0, 0, 0.01%, 0, 1, 1, 7283.79
1690903643, 12922, 0, 1, 0, 0, 0.01%, 0, 1, 1, 7286.14
1690903648, 13066, 0, 1, 0, 0, 0.01%, 0, 1, 1, 7266.06
1690903653, 13209, 0, 1, 0, 0, 0.01%, 0, 1, 1, 7250.47
1690903658, 13353, 0, 1, 0, 0, 0.01%, 0, 1, 1, 7267.52
1690903663, 13497, 0, 1, 0, 0, 0.01%, 0, 1, 1, 7272.46
1690903668, 13641, 0, 1, 0, 0, 0.01%, 0, 1, 1, 7300.80
1690903673, 13784, 0, 1, 0, 0, 0.01%, 0, 1, 1, 7303.41
1690903678, 13928, 0, 1, 0, 0, 0.01%, 0, 1, 1, 7320.91
1690903683, 14072, 0, 1, 0, 0, 0.01%, 0, 1, 1, 7292.58
1690903688, 14216, 0, 1, 0, 0, 0.01%, 0, 1, 1, 7315.94
1690903693, 14360, 0, 1, 0, 0, 0.01%, 0, 1, 1, 7329.54
1690903698, 14504, 0, 1, 0, 0, 0.01%, 0, 1, 1, 7326.07
1690903703, 14648, 0, 1, 0, 0, 0.01%, 0, 1, 1, 7313.18
1690903708, 14791, 0, 1, 0, 0, 0.01%, 0, 1, 1, 7266.50
1690903714, 14935, 0, 1, 0, 0, 0.01%, 0, 1, 1, 7261.94
1690903719, 15079, 0, 1, 0, 0, 0.01%, 0, 1, 1, 7279.49
1690903724, 15223, 0, 1, 0, 0, 0.01%, 0, 1, 1, 7292.98
1690903729, 15367, 0, 1, 0, 0, 0.01%, 0, 1, 1, 7307.15
1690903734, 15510, 0, 1, 0, 0, 0.01%, 0, 1, 1, 7284.02
1690903739, 15654, 0, 1, 0, 0, 0.01%, 0, 1, 1, 7329.46
1690903744, 15798, 0, 1, 0, 0, 0.01%, 0, 1, 1, 7286.08
1690903749, 15942, 0, 1, 0, 0, 0.01%, 0, 1, 1, 7306.64
1690903754, 16086, 0, 1, 0, 0, 0.01%, 0, 1, 1, 7304.43
1690903759, 16230, 0, 1, 0, 0, 0.01%, 0, 1, 1, 7310.70
1690903764, 16374, 0, 1, 0, 0, 0.01%, 0, 1, 1, 7350.27
1690903769, 16524, 0, 1, 0, 0, 0.01%, 0, 1, 1, 7430.72
1690903774, 16673, 0, 1, 0, 0, 0.01%, 0, 1, 1, 7352.28
1690903779, 16817, 0, 1, 0, 0, 0.01%, 0, 1, 1, 7313.52
1690903784, 16961, 0, 1, 0, 0, 0.01%, 0, 1, 1, 7244.94
1690903790, 17104, 0, 1, 0, 0, 0.01%, 0, 1, 1, 7171.76
1690903795, 17247, 0, 1, 0, 0, 0.01%, 0, 1, 1, 7200.28
1690903800, 17391, 0, 1, 0, 0, 0.01%, 0, 1, 1, 7217.04
1690903805, 17534, 0, 1, 0, 0, 0.01%, 0, 1, 1, 7170.06
1690903810, 17678, 0, 1, 0, 0, 0.01%, 0, 1, 1, 7198.13
1690903815, 17821, 0, 1, 0, 0, 0.01%, 0, 1, 1, 7154.57
1690903820, 17964, 0, 1, 0, 0, 0.01%, 0, 1, 1, 7182.68
1690903825, 18108, 0, 1, 0, 0, 0.01%, 0, 1, 1, 7215.29
1690903830, 18252, 0, 1, 0, 0, 0.01%, 0, 1, 1, 7193.10
1690903836, 18393, 0, 1, 0, 0, 0.01%, 0, 1, 1, 7100.40
1690903841, 18537, 0, 1, 0, 0, 0.01%, 0, 1, 1, 7237.56
1690903846, 18680, 0, 1, 0, 0, 0.01%, 0, 1, 1, 7224.72
1690903851, 18823, 0, 1, 0, 0, 0.01%, 0, 1, 1, 7166.69
1690903856, 18966, 0, 1, 0, 0, 0.01%, 0, 1, 1, 7165.21
1690903861, 19109, 0, 1, 0, 0, 0.01%, 0, 1, 1, 7168.70
1690903866, 19252, 0, 1, 0, 0, 0.01%, 0, 1, 1, 7188.75
1690903871, 19384, 0, 1, 0, 0, 0.01%, 0, 1, 1, 6531.71
1690903876, 19492, 0, 1, 0, 0, 0.01%, 0, 1, 1, 5696.13
1690903881, 19600, 0, 1, 0, 0, 0.01%, 0, 1, 1, 5487.44
1690903886, 19708, 0, 1, 0, 0, 0.01%, 0, 1, 1, 5447.13
1690903891, 19818, 0, 1, 0, 0, 0.01%, 0, 1, 1, 5704.45
1690903897, 19962, 0, 1, 0, 0, 0.01%, 0, 1, 1, 6846.81
1690903902, 20105, 0, 1, 0, 0, 0.01%, 0, 1, 1, 7133.53
1690903907, 20248, 0, 1, 0, 0, 0.01%, 0, 1, 1, 7167.36
1690903912, 20390, 0, 1, 0, 0, 0.01%, 0, 1, 1, 7149.94
1690903917, 20533, 0, 1, 0, 0, 0.01%, 0, 1, 1, 7163.54
1690903922, 20677, 0, 1, 0, 0, 0.01%, 0, 1, 1, 7224.10
1690903927, 20820, 0, 1, 0, 0, 0.01%, 0, 1, 1, 7135.39
1690903932, 20964, 0, 1, 0, 0, 0.01%, 0, 1, 1, 7204.24
1690903937, 21107, 0, 1, 0, 0, 0.01%, 0, 1, 1, 7183.15
1690903942, 21250, 0, 1, 0, 0, 0.01%, 0, 1, 1, 7168.37
1690903948, 21393, 0, 1, 0, 0, 0.01%, 0, 1, 1, 7169.77
1690903953, 21537, 0, 1, 0, 0, 0.01%, 0, 1, 1, 7214.24
1690903958, 21680, 0, 1, 0, 0, 0.01%, 0, 1, 1, 7196.68
1690903963, 21822, 0, 1, 0, 0, 0.01%, 0, 1, 1, 7096.26
1690903968, 21964, 0, 1, 0, 0, 0.01%, 0, 1, 1, 7121.40
1690903973, 22107, 0, 1, 0, 0, 0.01%, 0, 1, 1, 7144.12
1690903978, 22251, 0, 1, 0, 0, 0.01%, 0, 1, 1, 7214.84
1690903983, 22394, 0, 1, 0, 0, 0.01%, 0, 1, 1, 7177.04
1690903988, 22537, 0, 1, 0, 0, 0.01%, 0, 1, 1, 7194.60
1690903994, 22681, 0, 1, 0, 0, 0.01%, 0, 1, 1, 7209.57
1690903999, 22825, 0, 1, 0, 0, 0.01%, 0, 1, 1, 7228.43
1690904004, 22968, 0, 1, 0, 0, 0.01%, 0, 1, 1, 7175.86
1690904009, 23111, 0, 1, 0, 0, 0.01%, 0, 1, 1, 7172.21
1690904014, 23253, 0, 1, 0, 0, 0.01%, 0, 1, 1, 7078.90
1690904019, 23397, 0, 1, 0, 0, 0.01%, 0, 1, 1, 7173.25
1690904024, 23540, 0, 1, 0, 0, 0.01%, 0, 1, 1, 7189.91
1690904029, 23683, 0, 1, 0, 0, 0.01%, 0, 1, 1, 7158.52
1690904034, 23826, 0, 1, 0, 0, 0.01%, 0, 1, 1, 7177.48
1690904040, 23970, 0, 1, 0, 0, 0.01%, 0, 1, 1, 7212.45
1690904045, 24113, 0, 1, 0, 0, 0.01%, 0, 1, 1, 7158.96
1690904050, 24257, 0, 1, 0, 0, 0.01%, 0, 1, 1, 7206.55
1690904055, 24401, 0, 1, 0, 0, 0.01%, 0, 1, 1, 7221.31
1690904060, 24543, 0, 1, 0, 0, 0.01%, 0, 1, 1, 7134.24
1690904065, 24687, 0, 1, 0, 0, 0.01%, 0, 1, 1, 7207.84
1690904070, 24831, 0, 1, 0, 0, 0.01%, 0, 1, 1, 7196.80
1690904075, 24975, 0, 1, 0, 0, 0.01%, 0, 1, 1, 7220.30
1690904080, 25114, 0, 1, 0, 0, 0.01%, 0, 1, 1, 7028.06
1690904085, 25256, 0, 1, 0, 0, 0.01%, 0, 1, 1, 7144.79
1690904091, 25399, 0, 1, 0, 0, 0.01%, 0, 1, 1, 7130.87
1690904096, 25542, 0, 1, 0, 0, 0.01%, 0, 1, 1, 7188.66
1690904101, 25686, 0, 1, 0, 0, 0.01%, 0, 1, 1, 7213.73
1690904106, 25828, 0, 1, 0, 0, 0.01%, 0, 1, 1, 7129.17
1690904111, 25971, 0, 1, 0, 0, 0.01%, 0, 1, 1, 7138.29
1690904116, 26115, 0, 1, 0, 0, 0.01%, 0, 1, 1, 7182.78
1690904121, 26256, 0, 1, 0, 0, 0.01%, 0, 1, 1, 7103.04
1690904126, 26399, 0, 1, 0, 0, 0.01%, 0, 1, 1, 7123.65
1690904131, 26543, 0, 1, 0, 0, 0.01%, 0, 1, 1, 7161.03
1690904137, 26686, 0, 1, 0, 0, 0.01%, 0, 1, 1, 7170.00
1690904142, 26829, 0, 1, 0, 0, 0.01%, 0, 1, 1, 7133.43
1690904147, 26947, 0, 1, 0, 0, 0.01%, 0, 1, 1, 6022.85
1690904152, 27054, 0, 1, 0, 0, 0.01%, 0, 1, 1, 5565.27
1690904157, 27173, 0, 1, 0, 0, 0.01%, 0, 1, 1, 6183.17
1690904162, 27283, 0, 1, 0, 0, 0.01%, 0, 1, 1, 5655.12
1690904167, 27410, 0, 1, 0, 0, 0.01%, 0, 1, 1, 6525.62
1690904172, 27553, 0, 1, 0, 0, 0.01%, 0, 1, 1, 6981.33
1690904177, 27695, 0, 1, 0, 0, 0.01%, 0, 1, 1, 7070.48
1690904182, 27837, 0, 1, 0, 0, 0.01%, 0, 1, 1, 7103.36
1690904187, 27979, 0, 1, 0, 0, 0.01%, 0, 1, 1, 7096.06
1690904193, 28120, 0, 1, 0, 0, 0.01%, 0, 1, 1, 7051.35
1690904198, 28263, 0, 1, 0, 0, 0.01%, 0, 1, 1, 7112.83
1690904203, 28405, 0, 1, 0, 0, 0.01%, 0, 1, 1, 7119.03
1690904208, 28548, 0, 1, 0, 0, 0.01%, 0, 1, 1, 7112.38
1690904213, 28691, 0, 1, 0, 0, 0.01%, 0, 1, 1, 7167.69
1690904218, 28834, 0, 1, 0, 0, 0.01%, 0, 1, 1, 7229.45
1690904223, 28977, 0, 1, 0, 0, 0.01%, 0, 1, 1, 7298.56
1690904228, 29120, 0, 1, 0, 0, 0.01%, 0, 1, 1, 7260.01
1690904233, 29263, 0, 1, 0, 0, 0.01%, 0, 1, 1, 7146.47
1690904238, 29405, 0, 1, 0, 0, 0.01%, 0, 1, 1, 7097.72
1690904243, 29547, 0, 1, 0, 0, 0.01%, 0, 1, 1, 7175.80
1690904249, 29689, 0, 1, 0, 0, 0.01%, 0, 1, 1, 7110.98
1690904254, 29831, 0, 1, 0, 0, 0.01%, 0, 1, 1, 7122.07
1690904259, 29972, 0, 1, 0, 0, 0.01%, 0, 1, 1, 7092.77
1690904264, 30113, 0, 1, 0, 0, 0.01%, 0, 1, 1, 7079.54
1690904269, 30255, 0, 1, 0, 0, 0.01%, 0, 1, 1, 7140.24
1690904274, 30399, 0, 1, 0, 0, 0.01%, 0, 1, 1, 7179.51
1690904279, 30541, 0, 1, 0, 0, 0.01%, 0, 1, 1, 7131.80
1690904284, 30684, 0, 1, 0, 0, 0.01%, 0, 1, 1, 7154.70
1690904289, 30827, 0, 1, 0, 0, 0.01%, 0, 1, 1, 7137.10
1690904295, 30970, 0, 1, 0, 0, 0.01%, 0, 1, 1, 7161.21
1690904300, 31114, 0, 1, 0, 0, 0.01%, 0, 1, 1, 7212.31
1690904305, 31258, 0, 1, 0, 0, 0.01%, 0, 1, 1, 7205.44
1690904310, 31402, 0, 1, 0, 0, 0.01%, 0, 1, 1, 7216.68
1690904315, 31545, 0, 1, 0, 0, 0.01%, 0, 1, 1, 7155.62
1690904320, 31689, 0, 1, 0, 0, 0.01%, 0, 1, 1, 7216.57
1690904325, 31832, 0, 1, 0, 0, 0.01%, 0, 1, 1, 7207.45
1690904330, 31976, 0, 1, 0, 0, 0.01%, 0, 1, 1, 7214.34
1690904335, 32119, 0, 1, 0, 0, 0.01%, 0, 1, 1, 7263.80
1690904341, 32265, 0, 1, 0, 0, 0.01%, 0, 1, 1, 7238.56
1690904346, 32414, 0, 1, 0, 0, 0.01%, 0, 1, 1, 7372.37
1690904351, 32563, 0, 1, 0, 0, 0.01%, 0, 1, 1, 7346.42
1690904356, 32706, 0, 1, 0, 0, 0.01%, 0, 1, 1, 7216.86
1690904361, 32849, 0, 1, 0, 0, 0.01%, 0, 1, 1, 7118.05
1690904366, 32991, 0, 1, 0, 0, 0.01%, 0, 1, 1, 7131.41
1690904371, 33134, 0, 1, 0, 0, 0.01%, 0, 1, 1, 7179.94
1690904376, 33278, 0, 1, 0, 0, 0.01%, 0, 1, 1, 7186.75
1690904382, 33420, 0, 1, 0, 0, 0.01%, 0, 1, 1, 7159.32
1690904387, 33563, 0, 1, 0, 0, 0.01%, 0, 1, 1, 7192.50
1690904392, 33706, 0, 1, 0, 0, 0.01%, 0, 1, 1, 7197.27
1690904397, 33849, 0, 1, 0, 0, 0.01%, 0, 1, 1, 7142.22
1690904402, 33990, 0, 1, 0, 0, 0.01%, 0, 1, 1, 7100.62
1690904407, 34134, 0, 1, 0, 0, 0.01%, 0, 1, 1, 7209.02
1690904412, 34276, 0, 1, 0, 0, 0.01%, 0, 1, 1, 7151.10
1690904417, 34420, 0, 1, 0, 0, 0.01%, 0, 1, 1, 7176.09
1690904422, 34563, 0, 1, 0, 0, 0.01%, 0, 1, 1, 7164.82
1690904428, 34705, 0, 1, 0, 0, 0.01%, 0, 1, 1, 7145.23
1690904433, 34848, 0, 1, 0, 0, 0.01%, 0, 1, 1, 7145.97
1690904438, 34990, 0, 1, 0, 0, 0.01%, 0, 1, 1, 7147.36
1690904443, 35134, 0, 1, 0, 0, 0.01%, 0, 1, 1, 7192.11
1690904448, 35277, 0, 1, 0, 0, 0.01%, 0, 1, 1, 7181.47
1690904453, 35420, 0, 1, 0, 0, 0.01%, 0, 1, 1, 7142.93
1690904458, 35564, 0, 1, 0, 0, 0.01%, 0, 1, 1, 7211.95
1690904463, 35707, 0, 1, 0, 0, 0.01%, 0, 1, 1, 7179.09
1690904468, 35850, 0, 1, 0, 0, 0.01%, 0, 1, 1, 7175.78
1690904474, 35993, 0, 1, 0, 0, 0.01%, 0, 1, 1, 7150.15
1690904479, 36136, 0, 1, 0, 0, 0.01%, 0, 1, 1, 7163.91
1690904484, 36278, 0, 1, 0, 0, 0.01%, 0, 1, 1, 7133.87
1690904489, 36422, 0, 1, 0, 0, 0.01%, 0, 1, 1, 7182.53
1690904494, 36564, 0, 1, 0, 0, 0.01%, 0, 1, 1, 7129.64
1690904499, 36707, 0, 1, 0, 0, 0.01%, 0, 1, 1, 7179.32
1690904504, 36848, 0, 1, 0, 0, 0.01%, 0, 1, 1, 7067.59
1690904509, 36989, 0, 1, 0, 0, 0.01%, 0, 1, 1, 7070.37
1690904514, 37133, 0, 1, 0, 0, 0.01%, 0, 1, 1, 7181.14
1690904520, 37277, 0, 1, 0, 0, 0.01%, 0, 1, 1, 7222.64
1690904525, 37420, 0, 1, 0, 0, 0.01%, 0, 1, 1, 7182.88
1690904530, 37563, 0, 1, 0, 0, 0.01%, 0, 1, 1, 7179.38
1690904535, 37706, 0, 1, 0, 0, 0.01%, 0, 1, 1, 7188.93
1690904540, 37850, 0, 1, 0, 0, 0.01%, 0, 1, 1, 7240.82
1690904545, 37993, 0, 1, 0, 0, 0.01%, 0, 1, 1, 7188.46
1690904550, 38135, 0, 1, 0, 0, 0.01%, 0, 1, 1, 7132.36
1690904555, 38279, 0, 1, 0, 0, 0.01%, 0, 1, 1, 7185.24
1690904560, 38421, 0, 1, 0, 0, 0.01%, 0, 1, 1, 7176.60
1690904565, 38564, 0, 1, 0, 0, 0.01%, 0, 1, 1, 7181.85
1690904571, 38707, 0, 1, 0, 0, 0.01%, 0, 1, 1, 7171.37
1690904576, 38850, 0, 1, 0, 0, 0.01%, 0, 1, 1, 7186.95
1690904581, 38992, 0, 1, 0, 0, 0.01%, 0, 1, 1, 7111.28
1690904586, 39135, 0, 1, 0, 0, 0.01%, 0, 1, 1, 7160.09
1690904591, 39279, 0, 1, 0, 0, 0.01%, 0, 1, 1, 7193.04
1690904596, 39422, 0, 1, 0, 0, 0.01%, 0, 1, 1, 7230.98
1690904601, 39565, 0, 1, 0, 0, 0.01%, 0, 1, 1, 7157.44
1690904606, 39709, 0, 1, 0, 0, 0.01%, 0, 1, 1, 7184.93
1690904611, 39853, 0, 1, 0, 0, 0.01%, 0, 1, 1, 7215.81
1690904617, 39996, 0, 1, 0, 0, 0.01%, 0, 1, 1, 7185.03
1690904622, 40140, 0, 1, 0, 0, 0.01%, 0, 1, 1, 7183.01
1690904627, 40283, 0, 1, 0, 0, 0.01%, 0, 1, 1, 7209.93
1690904632, 40427, 0, 1, 0, 0, 0.01%, 0, 1, 1, 7208.36
1690904637, 40569, 0, 1, 0, 0, 0.01%, 0, 1, 1, 7105.64
1690904642, 40712, 0, 1, 0, 0, 0.01%, 0, 1, 1, 7147.52
1690904647, 40855, 0, 1, 0, 0, 0.01%, 0, 1, 1, 7142.62
1690904652, 40998, 0, 1, 0, 0, 0.01%, 0, 1, 1, 7199.12
1690904657, 41142, 0, 1, 0, 0, 0.01%, 0, 1, 1, 7167.88
1690904662, 41284, 0, 1, 0, 0, 0.01%, 0, 1, 1, 7126.58
1690904668, 41426, 0, 1, 0, 0, 0.01%, 0, 1, 1, 7094.36
1690904673, 41570, 0, 1, 0, 0, 0.01%, 0, 1, 1, 7218.24
1690904678, 41713, 0, 1, 0, 0, 0.01%, 0, 1, 1, 7217.58
1690904683, 41854, 0, 1, 0, 0, 0.01%, 0, 1, 1, 7115.72
1690904688, 41998, 0, 1, 0, 0, 0.01%, 0, 1, 1, 7181.87
1690904693, 42141, 0, 1, 0, 0, 0.01%, 0, 1, 1, 7192.93
1690904698, 42284, 0, 1, 0, 0, 0.01%, 0, 1, 1, 7138.77
1690904703, 42427, 0, 1, 0, 0, 0.01%, 0, 1, 1, 7149.81
1690904708, 42570, 0, 1, 0, 0, 0.01%, 0, 1, 1, 7171.34
1690904714, 42713, 0, 1, 0, 0, 0.01%, 0, 1, 1, 7159.68
1690904719, 42855, 0, 1, 0, 0, 0.01%, 0, 1, 1, 7130.25
1690904724, 42998, 0, 1, 0, 0, 0.01%, 0, 1, 1, 7192.53
1690904729, 43141, 0, 1, 0, 0, 0.01%, 0, 1, 1, 7186.07
1690904734, 43285, 0, 1, 0, 0, 0.01%, 0, 1, 1, 7194.29
1690904739, 43427, 0, 1, 0, 0, 0.01%, 0, 1, 1, 7089.23
1690904744, 43569, 0, 1, 0, 0, 0.01%, 0, 1, 1, 7134.30
1690904749, 43712, 0, 1, 0, 0, 0.01%, 0, 1, 1, 7130.03
1690904754, 43855, 0, 1, 0, 0, 0.01%, 0, 1, 1, 7114.15
1690904760, 43998, 0, 1, 0, 0, 0.01%, 0, 1, 1, 7170.60
1690904765, 44141, 0, 1, 0, 0, 0.01%, 0, 1, 1, 7175.78
1690904770, 44283, 0, 1, 0, 0, 0.01%, 0, 1, 1, 7152.75
1690904775, 44426, 0, 1, 0, 0, 0.01%, 0, 1, 1, 7159.53
1690904780, 44569, 0, 1, 0, 0, 0.01%, 0, 1, 1, 7131.36
1690904785, 44712, 0, 1, 0, 0, 0.01%, 0, 1, 1, 7103.34
1690904790, 44853, 0, 1, 0, 0, 0.01%, 0, 1, 1, 7157.45
1690904795, 44996, 0, 1, 0, 0, 0.01%, 0, 1, 1, 7103.35
1690904800, 45140, 0, 1, 0, 0, 0.01%, 0, 1, 1, 7207.64
1690904806, 45282, 0, 1, 0, 0, 0.01%, 0, 1, 1, 7153.64
1690904811, 45426, 0, 1, 0, 0, 0.01%, 0, 1, 1, 7237.32
1690904816, 45570, 0, 1, 0, 0, 0.01%, 0, 1, 1, 7225.40
1690904821, 45712, 0, 1, 0, 0, 0.01%, 0, 1, 1, 7118.91
1690904826, 45855, 0, 1, 0, 0, 0.01%, 0, 1, 1, 7126.63
1690904831, 45998, 0, 1, 0, 0, 0.01%, 0, 1, 1, 7166.21
1690904836, 46147, 0, 1, 0, 0, 0.01%, 0, 1, 1, 7316.04
1690904841, 46290, 0, 1, 0, 0, 0.01%, 0, 1, 1, 7311.08
1690904846, 46432, 0, 1, 0, 0, 0.01%, 0, 1, 1, 7168.91
1690904851, 46574, 0, 1, 0, 0, 0.01%, 0, 1, 1, 7070.57
1690904857, 46716, 0, 1, 0, 0, 0.01%, 0, 1, 1, 7066.17
1690904862, 46860, 0, 1, 0, 0, 0.01%, 0, 1, 1, 7202.32
1690904867, 47003, 0, 1, 0, 0, 0.01%, 0, 1, 1, 7147.94
1690904872, 47145, 0, 1, 0, 0, 0.01%, 0, 1, 1, 7136.51
1690904877, 47289, 0, 1, 0, 0, 0.01%, 0, 1, 1, 7168.61
1690904882, 47431, 0, 1, 0, 0, 0.01%, 0, 1, 1, 7134.38
1690904887, 47574, 0, 1, 0, 0, 0.01%, 0, 1, 1, 7161.28
1690904892, 47717, 0, 1, 0, 0, 0.01%, 0, 1, 1, 7201.68
1690904897, 47860, 0, 1, 0, 0, 0.01%, 0, 1, 1, 7160.23
1690904903, 48004, 0, 1, 0, 0, 0.01%, 0, 1, 1, 7207.73
1690904908, 48148, 0, 1, 0, 0, 0.01%, 0, 1, 1, 7223.98
1690904913, 48290, 0, 1, 0, 0, 0.01%, 0, 1, 1, 7092.85
1690904918, 48431, 0, 1, 0, 0, 0.01%, 0, 1, 1, 7096.07
1690904923, 48573, 0, 1, 0, 0, 0.01%, 0, 1, 1, 7114.13
1690904928, 48717, 0, 1, 0, 0, 0.01%, 0, 1, 1, 7168.00
1690904933, 48860, 0, 1, 0, 0, 0.01%, 0, 1, 1, 7148.20
1690904938, 49001, 0, 1, 0, 0, 0.01%, 0, 1, 1, 7107.11
1690904943, 49145, 0, 1, 0, 0, 0.01%, 0, 1, 1, 7179.69
1690904949, 49287, 0, 1, 0, 0, 0.01%, 0, 1, 1, 7143.32
1690904954, 49430, 0, 1, 0, 0, 0.01%, 0, 1, 1, 7144.66
1690904959, 49572, 0, 1, 0, 0, 0.01%, 0, 1, 1, 7112.21
1690904964, 49716, 0, 1, 0, 0, 0.01%, 0, 1, 1, 7167.53
1690904969, 49858, 0, 1, 0, 0, 0.01%, 0, 1, 1, 7123.78
1690904974, 50001, 0, 1, 0, 0, 0.01%, 0, 1, 1, 7187.21
1690904979, 50141, 0, 1, 0, 0, 0.01%, 0, 1, 1, 7028.24
1690904984, 50282, 0, 1, 0, 0, 0.01%, 0, 1, 1, 7067.80
1690904989, 50425, 0, 1, 0, 0, 0.01%, 0, 1, 1, 7152.23
1690904995, 50568, 0, 1, 0, 0, 0.01%, 0, 1, 1, 7172.95
1690905000, 50711, 0, 1, 0, 0, 0.01%, 0, 1, 1, 7178.86
1690905005, 50853, 0, 1, 0, 0, 0.01%, 0, 1, 1, 7118.69
1690905010, 50997, 0, 1, 0, 0, 0.01%, 0, 1, 1, 7196.11
1690905015, 51140, 0, 1, 0, 0, 0.01%, 0, 1, 1, 7134.36
1690905020, 51282, 0, 1, 0, 0, 0.01%, 0, 1, 1, 7094.39
1690905025, 51426, 0, 1, 0, 0, 0.01%, 0, 1, 1, 7189.69
1690905030, 51569, 0, 1, 0, 0, 0.01%, 0, 1, 1, 7150.53
1690905035, 51713, 0, 1, 0, 0, 0.01%, 0, 1, 1, 7204.01
1690905041, 51854, 0, 1, 0, 0, 0.01%, 0, 1, 1, 7094.65
1690905046, 51995, 0, 1, 0, 0, 0.01%, 0, 1, 1, 7055.56
1690905051, 52137, 0, 1, 0, 0, 0.01%, 0, 1, 1, 7121.90
1690905056, 52280, 0, 1, 0, 0, 0.01%, 0, 1, 1, 7196.65
1690905061, 52423, 0, 1, 0, 0, 0.01%, 0, 1, 1, 7181.21
1690905066, 52566, 0, 1, 0, 0, 0.01%, 0, 1, 1, 7173.90
1690905071, 52710, 0, 1, 0, 0, 0.01%, 0, 1, 1, 7195.83
1690905076, 52852, 0, 1, 0, 0, 0.01%, 0, 1, 1, 7152.29
1690905081, 52995, 0, 1, 0, 0, 0.01%, 0, 1, 1, 7169.90
1690905087, 53139, 0, 1, 0, 0, 0.01%, 0, 1, 1, 7173.77
1690905092, 53281, 0, 1, 0, 0, 0.01%, 0, 1, 1, 7111.28
1690905097, 53422, 0, 1, 0, 0, 0.01%, 0, 1, 1, 7096.02
1690905102, 53566, 0, 1, 0, 0, 0.01%, 0, 1, 1, 7170.88
1690905107, 53707, 0, 1, 0, 0, 0.01%, 0, 1, 1, 7139.27
1690905112, 53851, 0, 1, 0, 0, 0.01%, 0, 1, 1, 7206.33
1690905117, 53995, 0, 1, 0, 0, 0.01%, 0, 1, 1, 7229.74
1690905122, 54139, 0, 1, 0, 0, 0.01%, 0, 1, 1, 7222.62
1690905127, 54281, 0, 1, 0, 0, 0.01%, 0, 1, 1, 7176.19
1690905132, 54423, 0, 1, 0, 0, 0.01%, 0, 1, 1, 7091.00
1690905138, 54566, 0, 1, 0, 0, 0.01%, 0, 1, 1, 7182.59
1690905143, 54709, 0, 1, 0, 0, 0.01%, 0, 1, 1, 7154.76
1690905148, 54853, 0, 1, 0, 0, 0.01%, 0, 1, 1, 7169.46
1690905153, 54995, 0, 1, 0, 0, 0.01%, 0, 1, 1, 7134.21
1690905158, 55139, 0, 1, 0, 0, 0.01%, 0, 1, 1, 7231.26
1690905163, 55283, 0, 1, 0, 0, 0.01%, 0, 1, 1, 7218.33
1690905168, 55426, 0, 1, 0, 0, 0.01%, 0, 1, 1, 7187.45
1690905173, 55569, 0, 1, 0, 0, 0.01%, 0, 1, 1, 7197.06
1690905178, 55712, 0, 1, 0, 0, 0.01%, 0, 1, 1, 7158.47
1690905183, 55854, 0, 1, 0, 0, 0.01%, 0, 1, 1, 7079.12
1690905189, 55997, 0, 1, 0, 0, 0.01%, 0, 1, 1, 7176.79
1690905194, 56140, 0, 1, 0, 0, 0.01%, 0, 1, 1, 7155.32
1690905199, 56283, 0, 1, 0, 0, 0.01%, 0, 1, 1, 7195.21
1690905204, 56426, 0, 1, 0, 0, 0.01%, 0, 1, 1, 7245.35
1690905209, 56569, 0, 1, 0, 0, 0.01%, 0, 1, 1, 7197.89
1690905214, 56712, 0, 1, 0, 0, 0.01%, 0, 1, 1, 7167.02
1690905219, 56855, 0, 1, 0, 0, 0.01%, 0, 1, 1, 7132.24
1690905224, 56997, 0, 1, 0, 0, 0.01%, 0, 1, 1, 7131.21
1690905229, 57139, 0, 1, 0, 0, 0.01%, 0, 1, 1, 7114.81
1690905234, 57283, 0, 1, 0, 0, 0.01%, 0, 1, 1, 7238.70
1690905240, 57427, 0, 1, 0, 0, 0.01%, 0, 1, 1, 7231.98
1690905245, 57570, 0, 1, 0, 0, 0.01%, 0, 1, 1, 7204.24
1690905250, 57713, 0, 1, 0, 0, 0.01%, 0, 1, 1, 7192.64
1690905255, 57855, 0, 1, 0, 0, 0.01%, 0, 1, 1, 7136.37
1690905260, 57999, 0, 1, 0, 0, 0.01%, 0, 1, 1, 7178.89
1690905265, 58142, 0, 1, 0, 0, 0.01%, 0, 1, 1, 7186.66
1690905270, 58285, 0, 1, 0, 0, 0.01%, 0, 1, 1, 7217.32
1690905275, 58427, 0, 1, 0, 0, 0.01%, 0, 1, 1, 7161.99
1690905280, 58569, 0, 1, 0, 0, 0.01%, 0, 1, 1, 7102.05
1690905285, 58713, 0, 1, 0, 0, 0.01%, 0, 1, 1, 7163.10
1690905291, 58855, 0, 1, 0, 0, 0.01%, 0, 1, 1, 7124.45
1690905296, 58998, 0, 1, 0, 0, 0.01%, 0, 1, 1, 7169.57
1690905301, 59140, 0, 1, 0, 0, 0.01%, 0, 1, 1, 7090.68
1690905306, 59283, 0, 1, 0, 0, 0.01%, 0, 1, 1, 7107.67
1690905311, 59426, 0, 1, 0, 0, 0.01%, 0, 1, 1, 7144.51
1690905316, 59568, 0, 1, 0, 0, 0.01%, 0, 1, 1, 7100.07
1690905321, 59711, 0, 1, 0, 0, 0.01%, 0, 1, 1, 7171.05
1690905326, 59854, 0, 1, 0, 0, 0.01%, 0, 1, 1, 7228.99
1690905331, 59997, 0, 1, 0, 0, 0.01%, 0, 1, 1, 7133.84
1690905337, 60133, 0, 1, 0, 0, 0.01%, 0, 1, 1, 6965.12
1690905342, 60276, 0, 1, 0, 0, 0.01%, 0, 1, 1, 7109.64
1690905347, 60419, 0, 1, 0, 0, 0.01%, 0, 1, 1, 7103.96
1690905352, 60562, 0, 1, 0, 0, 0.01%, 0, 1, 1, 7110.73
1690905357, 60705, 0, 1, 0, 0, 0.01%, 0, 1, 1, 7168.05
1690905362, 60847, 0, 1, 0, 0, 0.01%, 0, 1, 1, 7156.44
1690905367, 60990, 0, 1, 0, 0, 0.01%, 0, 1, 1, 7169.80
1690905372, 61131, 0, 1, 0, 0, 0.01%, 0, 1, 1, 7111.68
1690905378, 61275, 0, 1, 0, 0, 0.01%, 0, 1, 1, 7188.39
1690905383, 61418, 0, 1, 0, 0, 0.01%, 0, 1, 1, 7101.15
1690905388, 61560, 0, 1, 0, 0, 0.01%, 0, 1, 1, 7116.79
1690905393, 61702, 0, 1, 0, 0, 0.01%, 0, 1, 1, 7086.76
1690905398, 61845, 0, 1, 0, 0, 0.01%, 0, 1, 1, 7113.54
1690905403, 61988, 0, 1, 0, 0, 0.01%, 0, 1, 1, 7148.39
1690905408, 62131, 0, 1, 0, 0, 0.01%, 0, 1, 1, 7193.40
1690905413, 62274, 0, 1, 0, 0, 0.01%, 0, 1, 1, 7159.46
1690905418, 62418, 0, 1, 0, 0, 0.01%, 0, 1, 1, 7214.32
1690905424, 62561, 0, 1, 0, 0, 0.01%, 0, 1, 1, 7170.99
1690905429, 62704, 0, 1, 0, 0, 0.01%, 0, 1, 1, 7199.17
1690905434, 62846, 0, 1, 0, 0, 0.01%, 0, 1, 1, 7128.44
1690905439, 62989, 0, 1, 0, 0, 0.01%, 0, 1, 1, 7158.81
1690905444, 63132, 0, 1, 0, 0, 0.01%, 0, 1, 1, 7153.21
1690905449, 63276, 0, 1, 0, 0, 0.01%, 0, 1, 1, 7175.61
1690905454, 63418, 0, 1, 0, 0, 0.01%, 0, 1, 1, 7112.23
1690905459, 63561, 0, 1, 0, 0, 0.01%, 0, 1, 1, 7153.37
1690905464, 63703, 0, 1, 0, 0, 0.01%, 0, 1, 1, 7083.30
1690905470, 63846, 0, 1, 0, 0, 0.01%, 0, 1, 1, 7098.11
1690905475, 63989, 0, 1, 0, 0, 0.01%, 0, 1, 1, 7254.13
1690905480, 64132, 0, 1, 0, 0, 0.01%, 0, 1, 1, 7292.05
1690905485, 64276, 0, 1, 0, 0, 0.01%, 0, 1, 1, 7295.88
1690905490, 64418, 0, 1, 0, 0, 0.01%, 0, 1, 1, 7263.11
1690905495, 64562, 0, 1, 0, 0, 0.01%, 0, 1, 1, 7335.21
1690905500, 64711, 0, 1, 0, 0, 0.01%, 0, 1, 1, 7340.29
1690905505, 64855, 0, 1, 0, 0, 0.01%, 0, 1, 1, 7258.80
1690905510, 64998, 0, 1, 0, 0, 0.01%, 0, 1, 1, 7121.37
1690905515, 65141, 0, 1, 0, 0, 0.01%, 0, 1, 1, 7152.17
1690905520, 65284, 0, 1, 0, 0, 0.01%, 0, 1, 1, 7157.44
1690905526, 65427, 0, 1, 0, 0, 0.01%, 0, 1, 1, 7143.07
1690905531, 65569, 0, 1, 0, 0, 0.01%, 0, 1, 1, 7100.50
1690905536, 65712, 0, 1, 0, 0, 0.01%, 0, 1, 1, 7132.97
1690905541, 65852, 0, 1, 0, 0, 0.01%, 0, 1, 1, 7002.31
1690905546, 65996, 0, 1, 0, 0, 0.01%, 0, 1, 1, 7110.17
1690905551, 66139, 0, 1, 0, 0, 0.01%, 0, 1, 1, 7092.76
1690905556, 66282, 0, 1, 0, 0, 0.01%, 0, 1, 1, 7238.55
1690905561, 66425, 0, 1, 0, 0, 0.01%, 0, 1, 1, 7189.17
1690905566, 66567, 0, 1, 0, 0, 0.01%, 0, 1, 1, 7157.64
1690905572, 66710, 0, 1, 0, 0, 0.01%, 0, 1, 1, 7119.50
1690905577, 66852, 0, 1, 0, 0, 0.01%, 0, 1, 1, 7165.37
1690905582, 66995, 0, 1, 0, 0, 0.01%, 0, 1, 1, 7139.30
1690905587, 67137, 0, 1, 0, 0, 0.01%, 0, 1, 1, 7069.69
1690905592, 67280, 0, 1, 0, 0, 0.01%, 0, 1, 1, 7107.73
1690905597, 67419, 0, 1, 0, 0, 0.01%, 0, 1, 1, 7003.25
1690905602, 67556, 0, 1, 0, 0, 0.01%, 0, 1, 1, 6959.12
1690905607, 67697, 0, 1, 0, 0, 0.01%, 0, 1, 1, 7067.75
1690905612, 67840, 0, 1, 0, 0, 0.01%, 0, 1, 1, 7184.67
1690905618, 67983, 0, 1, 0, 0, 0.01%, 0, 1, 1, 7153.92
1690905623, 68126, 0, 1, 0, 0, 0.01%, 0, 1, 1, 7150.50
1690905628, 68268, 0, 1, 0, 0, 0.01%, 0, 1, 1, 7128.68
1690905633, 68409, 0, 1, 0, 0, 0.01%, 0, 1, 1, 7044.15
1690905638, 68552, 0, 1, 0, 0, 0.01%, 0, 1, 1, 7121.16
1690905643, 68694, 0, 1, 0, 0, 0.01%, 0, 1, 1, 7061.82
1690905648, 68836, 0, 1, 0, 0, 0.01%, 0, 1, 1, 7084.57
1690905653, 68978, 0, 1, 0, 0, 0.01%, 0, 1, 1, 7112.21
1690905658, 69122, 0, 1, 0, 0, 0.01%, 0, 1, 1, 7187.45
1690905664, 69264, 0, 1, 0, 0, 0.01%, 0, 1, 1, 7123.36
1690905669, 69407, 0, 1, 0, 0, 0.01%, 0, 1, 1, 7106.26
1690905674, 69549, 0, 1, 0, 0, 0.01%, 0, 1, 1, 7092.60
1690905679, 69692, 0, 1, 0, 0, 0.01%, 0, 1, 1, 7111.58
1690905684, 69835, 0, 1, 0, 0, 0.01%, 0, 1, 1, 7146.63
1690905689, 69978, 0, 1, 0, 0, 0.01%, 0, 1, 1, 7087.43
1690905694, 70117, 0, 1, 0, 0, 0.01%, 0, 1, 1, 6955.40
1690905700, 70257, 0, 1, 0, 0, 0.01%, 0, 1, 1, 6913.63
1690905705, 70397, 0, 1, 0, 0, 0.01%, 0, 1, 1, 6969.56
1690905710, 70536, 0, 1, 0, 0, 0.01%, 0, 1, 1, 7093.16
1690905715, 70678, 0, 1, 0, 0, 0.01%, 0, 1, 1, 7117.08
1690905720, 70821, 0, 1, 0, 0, 0.01%, 0, 1, 1, 7147.93
1690905725, 70965, 0, 1, 0, 0, 0.01%, 0, 1, 1, 7196.00
1690905730, 71107, 0, 1, 0, 0, 0.01%, 0, 1, 1, 7179.40
1690905735, 71250, 0, 1, 0, 0, 0.01%, 0, 1, 1, 7168.48
1690905740, 71394, 0, 1, 0, 0, 0.01%, 0, 1, 1, 7224.93
1690905745, 71537, 0, 1, 0, 0, 0.01%, 0, 1, 1, 7129.83
1690905751, 71678, 0, 1, 0, 0, 0.01%, 0, 1, 1, 7144.31
1690905756, 71822, 0, 1, 0, 0, 0.01%, 0, 1, 1, 7201.26
1690905761, 71964, 0, 1, 0, 0, 0.01%, 0, 1, 1, 7084.33
1690905766, 72107, 0, 1, 0, 0, 0.01%, 0, 1, 1, 7133.94
1690905771, 72249, 0, 1, 0, 0, 0.01%, 0, 1, 1, 7107.98
1690905776, 72392, 0, 1, 0, 0, 0.01%, 0, 1, 1, 7118.48
1690905781, 72536, 0, 1, 0, 0, 0.01%, 0, 1, 1, 7206.35
1690905786, 72678, 0, 1, 0, 0, 0.01%, 0, 1, 1, 7182.46
1690905791, 72819, 0, 1, 0, 0, 0.01%, 0, 1, 1, 7111.11
1690905796, 72960, 0, 1, 0, 0, 0.01%, 0, 1, 1, 7099.70
1690905802, 73101, 0, 1, 0, 0, 0.01%, 0, 1, 1, 7092.42
1690905807, 73243, 0, 1, 0, 0, 0.01%, 0, 1, 1, 7137.96
1690905812, 73384, 0, 1, 0, 0, 0.01%, 0, 1, 1, 7109.44
1690905817, 73527, 0, 1, 0, 0, 0.01%, 0, 1, 1, 7145.03
1690905822, 73669, 0, 1, 0, 0, 0.01%, 0, 1, 1, 7141.96
1690905827, 73812, 0, 1, 0, 0, 0.01%, 0, 1, 1, 7160.06
1690905832, 73955, 0, 1, 0, 0, 0.01%, 0, 1, 1, 7171.77
1690905837, 74098, 0, 1, 0, 0, 0.01%, 0, 1, 1, 7203.50
1690905843, 74242, 0, 1, 0, 0, 0.01%, 0, 1, 1, 7156.05
1690905848, 74385, 0, 1, 0, 0, 0.01%, 0, 1, 1, 7158.93
1690905853, 74526, 0, 1, 0, 0, 0.01%, 0, 1, 1, 7121.46
1690905858, 74667, 0, 1, 0, 0, 0.01%, 0, 1, 1, 7108.17
1690905863, 74810, 0, 1, 0, 0, 0.01%, 0, 1, 1, 7186.58
1690905868, 74953, 0, 1, 0, 0, 0.01%, 0, 1, 1, 7182.47
1690905873, 75096, 0, 1, 0, 0, 0.01%, 0, 1, 1, 7141.52
1690905878, 75239, 0, 1, 0, 0, 0.01%, 0, 1, 1, 7160.51
1690905883, 75381, 0, 1, 0, 0, 0.01%, 0, 1, 1, 7120.95
1690905889, 75524, 0, 1, 0, 0, 0.01%, 0, 1, 1, 7150.06
1690905894, 75666, 0, 1, 0, 0, 0.01%, 0, 1, 1, 7126.18
1690905899, 75809, 0, 1, 0, 0, 0.01%, 0, 1, 1, 7178.61
1690905904, 75952, 0, 1, 0, 0, 0.01%, 0, 1, 1, 7108.25
1690905909, 76095, 0, 1, 0, 0, 0.01%, 0, 1, 1, 7160.54
1690905914, 76239, 0, 1, 0, 0, 0.01%, 0, 1, 1, 7207.85
1690905919, 76381, 0, 1, 0, 0, 0.01%, 0, 1, 1, 7073.30
1690905924, 76524, 0, 1, 0, 0, 0.01%, 0, 1, 1, 7157.87
1690905929, 76666, 0, 1, 0, 0, 0.01%, 0, 1, 1, 7182.89
1690905934, 76809, 0, 1, 0, 0, 0.01%, 0, 1, 1, 7192.07
1690905940, 76953, 0, 1, 0, 0, 0.01%, 0, 1, 1, 7194.79
1690905945, 77096, 0, 1, 0, 0, 0.01%, 0, 1, 1, 7146.76
1690905950, 77238, 0, 1, 0, 0, 0.01%, 0, 1, 1, 7168.33
1690905955, 77379, 0, 1, 0, 0, 0.01%, 0, 1, 1, 7128.13
1690905960, 77522, 0, 1, 0, 0, 0.01%, 0, 1, 1, 7148.79
1690905965, 77665, 0, 1, 0, 0, 0.01%, 0, 1, 1, 7167.31
1690905970, 77806, 0, 1, 0, 0, 0.01%, 0, 1, 1, 7055.70
1690905975, 77948, 0, 1, 0, 0, 0.01%, 0, 1, 1, 6998.23
1690905981, 78090, 0, 1, 0, 0, 0.01%, 0, 1, 1, 7104.22
1690905986, 78232, 0, 1, 0, 0, 0.01%, 0, 1, 1, 7068.51
1690905991, 78355, 0, 1, 0, 0, 0.01%, 0, 1, 1, 6589.94
1690905996, 78496, 0, 1, 0, 0, 0.01%, 0, 1, 1, 6973.58
1690906001, 78639, 0, 1, 0, 0, 0.01%, 0, 1, 1, 7071.78
1690906006, 78781, 0, 1, 0, 0, 0.01%, 0, 1, 1, 7126.47
1690906011, 78923, 0, 1, 0, 0, 0.01%, 0, 1, 1, 7112.39
1690906016, 79067, 0, 1, 0, 0, 0.01%, 0, 1, 1, 7161.14
1690906022, 79209, 0, 1, 0, 0, 0.01%, 0, 1, 1, 7093.66
1690906027, 79353, 0, 1, 0, 0, 0.01%, 0, 1, 1, 7161.27
1690906032, 79496, 0, 1, 0, 0, 0.01%, 0, 1, 1, 7143.82
1690906037, 79639, 0, 1, 0, 0, 0.01%, 0, 1, 1, 7156.59
1690906042, 79782, 0, 1, 0, 0, 0.01%, 0, 1, 1, 7191.77
1690906047, 79924, 0, 1, 0, 0, 0.01%, 0, 1, 1, 7118.95
1690906052, 80067, 0, 1, 0, 0, 0.01%, 0, 1, 1, 7168.39
1690906057, 80209, 0, 1, 0, 0, 0.01%, 0, 1, 1, 7106.45
1690906062, 80352, 0, 1, 0, 0, 0.01%, 0, 1, 1, 7146.44
1690906068, 80495, 0, 1, 0, 0, 0.01%, 0, 1, 1, 7175.84
1690906073, 80639, 0, 1, 0, 0, 0.01%, 0, 1, 1, 7161.46
1690906078, 80782, 0, 1, 0, 0, 0.01%, 0, 1, 1, 7170.23
1690906083, 80925, 0, 1, 0, 0, 0.01%, 0, 1, 1, 7149.05
1690906088, 81068, 0, 1, 0, 0, 0.01%, 0, 1, 1, 7126.20
1690906093, 81212, 0, 1, 0, 0, 0.01%, 0, 1, 1, 7178.50
1690906098, 81355, 0, 1, 0, 0, 0.01%, 0, 1, 1, 7095.02
1690906103, 81495, 0, 1, 0, 0, 0.01%, 0, 1, 1, 7125.95
1690906108, 81636, 0, 1, 0, 0, 0.01%, 0, 1, 1, 7033.89
