# unix_time, cycles_done, cur_path, paths_total, pending_total, pending_favs, map_size, unique_crashes, unique_hangs, max_depth, execs_per_sec
1690900206, 0, 0, 1, 1, 1, 0.01%, 0, 0, 1, 727.27
1690900211, 0, 0, 8, 8, 1, 0.02%, 0, 0, 2, 1099.68
1690900242, 0, 0, 9, 9, 1, 0.02%, 0, 0, 2, 1336.33
1690900247, 0, 0, 9, 9, 1, 0.02%, 1, 0, 2, 1401.64
1690900257, 0, 5, 9, 8, 2, 0.02%, 1, 0, 2, 4428.22
1690900262, 0, 6, 9, 7, 1, 0.02%, 1, 0, 2, 5533.85
1690900267, 0, 7, 9, 6, 0, 0.02%, 1, 0, 2, 5371.53
1690900308, 0, 8, 9, 5, 0, 0.02%, 1, 0, 2, 3222.11
1690900313, 1, 2, 9, 3, 0, 0.02%, 1, 0, 2, 5889.58
1690900324, 1, 3, 9, 2, 0, 0.02%, 1, 0, 2, 4976.98
1690900365, 1, 4, 9, 1, 0, 0.02%, 1, 0, 2, 4562.63
1690900370, 2, 3, 9, 0, 0, 0.02%, 1, 0, 2, 6064.03
1690900375, 6, 2, 9, 0, 0, 0.02%, 1, 0, 2, 5110.06
1690900380, 9, 8, 9, 0, 0, 0.02%, 1, 0, 2, 4949.50
1690900385, 13, 6, 9, 0, 0, 0.02%, 1, 0, 2, 4872.23
1690900390, 17, 3, 9, 0, 0, 0.02%, 1, 0, 2, 4714.23
1690900395, 20, 8, 9, 0, 0, 0.02%, 1, 0, 2, 4804.35
1690900400, 24, 6, 9, 0, 0, 0.02%, 1, 0, 2, 4906.60
1690900405, 28, 3, 9, 0, 0, 0.02%, 1, 0, 2, 4751.45
1690900411, 32, 2, 9, 0, 0, 0.02%, 1, 0, 2, 4957.35
1690900416, 36, 1, 9, 0, 0, 0.02%, 1, 0, 2, 4811.33
1690900421, 39, 8, 9, 0, 0, 0.02%, 1, 0, 2, 4864.60
1690900426, 43, 5, 9, 0, 0, 0.02%, 1, 0, 2, 4866.42
1690900431, 47, 3, 9, 0, 0, 0.02%, 1, 0, 2, 4782.17
1690900436, 51, 2, 9, 0, 0, 0.02%, 1, 0, 2, 4826.01
1690900442, 54, 8, 9, 0, 0, 0.02%, 1, 0, 2, 4806.21
1690900447, 58, 5, 9, 0, 0, 0.02%, 1, 0, 2, 4791.55
1690900452, 62, 3, 9, 0, 0, 0.02%, 1, 0, 2, 4834.85
1690900457, 66, 0, 9, 0, 0, 0.02%, 1, 0, 2, 4665.27
1690900462, 69, 7, 9, 0, 0, 0.02%, 1, 0, 2, 4852.49
1690900467, 73, 3, 9, 0, 0, 0.02%, 1, 0, 2, 4632.98
1690900472, 77, 2, 9, 0, 0, 0.02%, 1, 0, 2, 4804.78
1690900477, 80, 8, 9, 0, 0, 0.02%, 1, 0, 2, 4782.19
1690900483, 84, 5, 9, 0, 0, 0.02%, 1, 0, 2, 4765.91
1690900488, 88, 4, 9, 0, 0, 0.02%, 1, 0, 2, 4789.72
1690900493, 92, 3, 9, 0, 0, 0.02%, 1, 0, 2, 4850.61
1690900498, 96, 2, 9, 0, 0, 0.02%, 1, 0, 2, 4915.59
1690900503, 99, 8, 9, 0, 0, 0.02%, 1, 0, 2, 4883.67
1690900508, 103, 5, 9, 0, 0, 0.02%, 1, 0, 2, 4815.68
1690900514, 107, 3, 9, 0, 0, 0.02%, 1, 0, 2, 4720.77
1690900519, 111, 0, 9, 0, 0, 0.02%, 1, 0, 2, 4665.50
1690900524, 114, 8, 9, 0, 0, 0.02%, 1, 0, 2, 4896.54
1690900529, 118, 6, 9, 0, 0, 0.02%, 1, 0, 2, 4901.19
1690900534, 121, 8, 9, 0, 0, 0.02%, 1, 0, 2, 4287.53
1690900539, 125, 1, 9, 0, 0, 0.02%, 1, 0, 2, 4069.28
1690900545, 128, 3, 9, 0, 0, 0.02%, 1, 0, 2, 4014.12
1690900550, 131, 7, 9, 0, 0, 0.02%, 1, 0, 2, 4618.15
1690900555, 135, 4, 9, 0, 0, 0.02%, 1, 0, 2, 4640.79
1690900560, 139, 2, 9, 0, 0, 0.02%, 1, 0, 2, 4813.72
1690900565, 142, 8, 9, 0, 0, 0.02%, 1, 0, 2, 4827.71
1690900570, 146, 8, 9, 0, 0, 0.02%, 1, 0, 2, 4968.92
1690900576, 150, 7, 9, 0, 0, 0.02%, 1, 0, 2, 4910.29
1690900581, 154, 5, 9, 0, 0, 0.02%, 1, 0, 2, 4918.81
1690900586, 158, 2, 9, 0, 0, 0.02%, 1, 0, 2, 4927.91
1690900591, 162, 0, 9, 0, 0, 0.02%, 1, 0, 2, 4784.10
1690900596, 165, 6, 9, 0, 0, 0.02%, 1, 0, 2, 4934.87
1690900601, 169, 4, 9, 0, 0, 0.02%, 1, 0, 2, 4738.95
1690900606, 173, 2, 9, 0, 0, 0.02%, 1, 0, 2, 4795.13
1690900611, 176, 8, 9, 0, 0, 0.02%, 1, 0, 2, 4929.30
1690900616, 180, 6, 9, 0, 0, 0.02%, 1, 0, 2, 4946.19
1690900621, 184, 3, 9, 0, 0, 0.02%, 1, 0, 2, 4703.83
1690900627, 188, 2, 9, 0, 0, 0.02%, 1, 0, 2, 4892.94
1690900632, 191, 2, 9, 0, 0, 0.02%, 1, 1, 2, 5715.57
1690900637, 194, 8, 9, 0, 0, 0.02%, 1, 1, 2, 4929.42
1690900642, 198, 8, 9, 0, 0, 0.02%, 1, 1, 2, 4988.45
1690900647, 202, 3, 9, 0, 0, 0.02%, 1, 1, 2, 4438.19
1690900652, 205, 4, 9, 0, 0, 0.02%, 1, 1, 2, 4025.87
1690900657, 208, 6, 9, 0, 0, 0.02%, 1, 1, 2, 4156.76
1690900663, 212, 1, 9, 0, 0, 0.02%, 1, 1, 2, 4241.91
1690900668, 215, 8, 9, 0, 0, 0.02%, 1, 1, 2, 4773.35
1690900673, 219, 8, 9, 0, 0, 0.02%, 1, 1, 2, 4927.23
1690900678, 223, 6, 9, 0, 0, 0.02%, 1, 1, 2, 4918.60
1690900683, 227, 3, 9, 0, 0, 0.02%, 1, 1, 2, 4733.31
1690900688, 231, 1, 9, 0, 0, 0.02%, 1, 1, 2, 4742.93
1690900693, 234, 8, 9, 0, 0, 0.02%, 1, 1, 2, 4964.83
1690900698, 238, 5, 9, 0, 0, 0.02%, 1, 1, 2, 4854.89
1690900704, 242, 3, 9, 0, 0, 0.02%, 1, 1, 2, 4790.53
1690900709, 246, 1, 9, 0, 0, 0.02%, 1, 1, 2, 4841.66
1690900714, 249, 8, 9, 0, 0, 0.02%, 1, 1, 2, 4866.57
1690900719, 253, 7, 9, 0, 0, 0.02%, 1, 1, 2, 4950.47
1690900724, 257, 4, 9, 0, 0, 0.02%, 1, 1, 2, 4789.38
1690900729, 261, 3, 9, 0, 0, 0.02%, 1, 1, 2, 4781.70
1690900735, 265, 1, 9, 0, 0, 0.02%, 1, 1, 2, 4776.36
1690900740, 268, 8, 9, 0, 0, 0.02%, 1, 1, 2, 4898.94
1690900745, 272, 5, 9, 0, 0, 0.02%, 1, 1, 2, 4840.44
1690900750, 276, 4, 9, 0, 0, 0.02%, 1, 1, 2, 4841.86
1690900755, 280, 3, 9, 0, 0, 0.02%, 1, 1, 2, 4825.30
1690900760, 284, 1, 9, 0, 0, 0.02%, 1, 1, 2, 4727.96
1690900765, 287, 8, 9, 0, 0, 0.02%, 1, 1, 2, 4853.27
1690900770, 291, 6, 9, 0, 0, 0.02%, 1, 1, 2, 4859.70
1690900775, 295, 3, 9, 0, 0, 0.02%, 1, 1, 2, 4717.67
1690900781, 299, 2, 9, 0, 0, 0.02%, 1, 1, 2, 4819.65
1690900786, 303, 0, 9, 0, 0, 0.02%, 1, 1, 2, 4820.69
1690900791, 306, 8, 9, 0, 0, 0.02%, 1, 1, 2, 4835.48
1690900796, 310, 8, 9, 0, 0, 0.02%, 1, 1, 2, 4940.42
1690900801, 314, 6, 9, 0, 0, 0.02%, 1, 1, 2, 4898.41
1690900806, 318, 4, 9, 0, 0, 0.02%, 1, 1, 2, 4734.65
1690900812, 322, 4, 9, 0, 0, 0.02%, 1, 1, 2, 5009.64
1690900817, 326, 5, 9, 0, 0, 0.02%, 1, 1, 2, 5062.54
1690900822, 330, 4, 9, 0, 0, 0.02%, 1, 1, 2, 4933.51
1690900827, 334, 3, 9, 0, 0, 0.02%, 1, 1, 2, 4890.18
1690900832, 338, 2, 9, 0, 0, 0.02%, 1, 1, 2, 5047.60
1690900837, 342, 2, 9, 0, 0, 0.02%, 1, 1, 2, 5064.92
1690900843, 346, 1, 9, 0, 0, 0.02%, 1, 1, 2, 5049.48
1690900848, 349, 8, 9, 0, 0, 0.02%, 1, 1, 2, 5062.62
1690900853, 353, 8, 9, 0, 0, 0.02%, 1, 1, 2, 5147.39
1690900858, 357, 6, 9, 0, 0, 0.02%, 1, 1, 2, 4895.72
1690900863, 360, 8, 9, 0, 0, 0.02%, 1, 1, 2, 4282.51
1690900868, 364, 3, 9, 0, 0, 0.02%, 1, 1, 2, 4418.64
1690900873, 368, 3, 9, 0, 0, 0.02%, 1, 1, 2, 4952.78
1690900879, 372, 3, 9, 0, 0, 0.02%, 1, 1, 2, 5035.43
1690900884, 376, 3, 9, 0, 0, 0.02%, 1, 1, 2, 5094.96
1690900889, 380, 3, 9, 0, 0, 0.02%, 1, 1, 2, 5143.62
1690900894, 384, 2, 9, 0, 0, 0.02%, 1, 1, 2, 5074.78
1690900899, 388, 2, 9, 0, 0, 0.02%, 1, 1, 2, 5067.45
1690900904, 392, 2, 9, 0, 0, 0.02%, 1, 1, 2, 5107.54
1690900910, 395, 8, 9, 0, 0, 0.02%, 1, 1, 2, 5005.79
1690900915, 400, 0, 9, 0, 0, 0.02%, 1, 1, 2, 5089.98
1690900920, 403, 8, 9, 0, 0, 0.02%, 1, 1, 2, 5081.38
1690900925, 407, 6, 9, 0, 0, 0.02%, 1, 1, 2, 5057.40
1690900930, 411, 5, 9, 0, 0, 0.02%, 1, 1, 2, 5032.92
1690900935, 415, 3, 9, 0, 0, 0.02%, 1, 1, 2, 4925.55
1690900940, 419, 2, 9, 0, 0, 0.02%, 1, 1, 2, 5078.40
1690900945, 423, 3, 9, 0, 0, 0.02%, 1, 1, 2, 5035.55
1690900951, 427, 3, 9, 0, 0, 0.02%, 1, 1, 2, 5071.16
1690900956, 431, 2, 9, 0, 0, 0.02%, 1, 1, 2, 5084.10
1690900961, 435, 0, 9, 0, 0, 0.02%, 1, 1, 2, 4990.72
1690900966, 439, 0, 9, 0, 0, 0.02%, 1, 1, 2, 5118.81
1690900971, 442, 8, 9, 0, 0, 0.02%, 1, 1, 2, 5056.89
1690900976, 446, 8, 9, 0, 0, 0.02%, 1, 1, 2, 4990.35
1690900981, 450, 8, 9, 0, 0, 0.02%, 1, 1, 2, 5082.39
1690900987, 454, 7, 9, 0, 0, 0.02%, 1, 1, 2, 5030.09
1690900992, 458, 6, 9, 0, 0, 0.02%, 1, 1, 2, 5223.16
1690900997, 462, 6, 9, 0, 0, 0.02%, 1, 1, 2, 5163.50
1690901002, 466, 6, 9, 0, 0, 0.02%, 1, 1, 2, 5072.86
1690901007, 470, 6, 9, 0, 0, 0.02%, 1, 1, 2, 5172.84
1690901012, 474, 5, 9, 0, 0, 0.02%, 1, 1, 2, 5075.32
1690901017, 478, 5, 9, 0, 0, 0.02%, 1, 1, 2, 5055.19
1690901023, 482, 3, 9, 0, 0, 0.02%, 1, 1, 2, 5020.28
1690901028, 486, 3, 9, 0, 0, 0.02%, 1, 1, 2, 4976.32
1690901033, 490, 2, 9, 0, 0, 0.02%, 1, 1, 2, 4887.51
1690901038, 493, 8, 9, 0, 0, 0.02%, 1, 1, 2, 4934.33
1690901043, 497, 3, 9, 0, 0, 0.02%, 1, 1, 2, 4406.81
1690901048, 500, 6, 9, 0, 0, 0.02%, 1, 1, 2, 4305.57
1690901053, 504, 3, 9, 0, 0, 0.02%, 1, 1, 2, 4682.79
1690901058, 508, 3, 9, 0, 0, 0.02%, 1, 1, 2, 4983.25
1690901063, 512, 2, 9, 0, 0, 0.02%, 1, 1, 2, 5082.19
1690901069, 516, 2, 9, 0, 0, 0.02%, 1, 1, 2, 5099.50
1690901074, 520, 2, 9, 0, 0, 0.02%, 1, 1, 2, 4968.63
1690901079, 524, 1, 9, 0, 0, 0.02%, 1, 1, 2, 4882.38
1690901084, 527, 8, 9, 0, 0, 0.02%, 1, 1, 2, 4992.68
1690901089, 532, 0, 9, 0, 0, 0.02%, 1, 1, 2, 5027.24
1690901094, 535, 8, 9, 0, 0, 0.02%, 1, 1, 2, 5036.95
1690901099, 539, 7, 9, 0, 0, 0.02%, 1, 1, 2, 5068.18
1690901105, 543, 7, 9, 0, 0, 0.02%, 1, 1, 2, 5022.39
1690901110, 547, 6, 9, 0, 0, 0.02%, 1, 1, 2, 5084.42
1690901115, 551, 6, 9, 0, 0, 0.02%, 1, 1, 2, 5076.78
1690901120, 555, 5, 9, 0, 0, 0.02%, 1, 1, 2, 5127.38
1690901125, 559, 5, 9, 0, 0, 0.02%, 1, 1, 2, 5036.88
1690901130, 563, 5, 9, 0, 0, 0.02%, 1, 1, 2, 5051.70
1690901136, 567, 5, 9, 0, 0, 0.02%, 1, 1, 2, 4964.74
1690901141, 571, 5, 9, 0, 0, 0.02%, 1, 1, 2, 5125.12
1690901146, 575, 5, 9, 0, 0, 0.02%, 1, 1, 2, 5051.09
1690901151, 579, 4, 9, 0, 0, 0.02%, 1, 1, 2, 5047.52
1690901156, 583, 4, 9, 0, 0, 0.02%, 1, 1, 2, 5028.70
1690901161, 587, 3, 9, 0, 0, 0.02%, 1, 1, 2, 4981.70
1690901167, 591, 3, 9, 0, 0, 0.02%, 1, 1, 2, 5085.05
1690901172, 595, 2, 9, 0, 0, 0.02%, 1, 1, 2, 4981.17
1690901177, 599, 1, 9, 0, 0, 0.02%, 1, 1, 2, 5030.95
1690901182, 603, 0, 9, 0, 0, 0.02%, 1, 1, 2, 4974.07
1690901187, 607, 0, 9, 0, 0, 0.02%, 1, 1, 2, 4995.20
1690901192, 610, 7, 9, 0, 0, 0.02%, 1, 1, 2, 4978.71
1690901197, 614, 6, 9, 0, 0, 0.02%, 1, 1, 2, 5009.68
1690901203, 618, 5, 9, 0, 0, 0.02%, 1, 1, 2, 4994.00
1690901208, 622, 5, 9, 0, 0, 0.02%, 1, 1, 2, 4981.85
1690901213, 626, 4, 9, 0, 0, 0.02%, 1, 1, 2, 5014.49
1690901218, 630, 4, 9, 0, 0, 0.02%, 1, 1, 2, 4982.24
1690901223, 634, 3, 9, 0, 0, 0.02%, 1, 1, 2, 4962.83
1690901228, 638, 4, 9, 0, 0, 0.02%, 1, 1, 2, 5027.16
1690901234, 642, 3, 9, 0, 0, 0.02%, 1, 1, 2, 4992.00
1690901239, 646, 3, 9, 0, 0, 0.02%, 1, 1, 2, 5004.05
1690901244, 650, 2, 9, 0, 0, 0.02%, 1, 1, 2, 4956.03
1690901249, 654, 0, 9, 0, 0, 0.02%, 1, 1, 2, 5041.66
1690901254, 657, 8, 9, 0, 0, 0.02%, 1, 1, 2, 5039.56
1690901259, 661, 8, 9, 0, 0, 0.02%, 1, 1, 2, 5079.20
1690901264, 665, 7, 9, 0, 0, 0.02%, 1, 1, 2, 5057.66
1690901269, 669, 5, 9, 0, 0, 0.02%, 1, 1, 2, 5021.76
1690901275, 673, 4, 9, 0, 0, 0.02%, 1, 1, 2, 4990.83
1690901280, 677, 3, 9, 0, 0, 0.02%, 1, 1, 2, 4884.16
1690901285, 681, 1, 9, 0, 0, 0.02%, 1, 1, 2, 4908.25
1690901290, 685, 0, 9, 0, 0, 0.02%, 1, 1, 2, 4977.96
1690901295, 689, 1, 9, 0, 0, 0.02%, 1, 1, 2, 5013.11
1690901300, 692, 8, 9, 0, 0, 0.02%, 1, 1, 2, 4974.85
1690901305, 697, 0, 9, 0, 0, 0.02%, 1, 1, 2, 4986.03
1690901310, 700, 8, 9, 0, 0, 0.02%, 1, 1, 2, 5113.06
1690901315, 704, 8, 9, 0, 0, 0.02%, 1, 1, 2, 5031.13
1690901321, 708, 8, 9, 0, 0, 0.02%, 1, 1, 2, 5038.41
1690901326, 712, 8, 9, 0, 0, 0.02%, 1, 1, 2, 5099.88
1690901331, 716, 8, 9, 0, 0, 0.02%, 1, 1, 2, 5070.03
1690901336, 720, 5, 9, 0, 0, 0.02%, 1, 1, 2, 5008.45
1690901341, 724, 4, 9, 0, 0, 0.02%, 1, 1, 2, 5010.86
1690901346, 728, 3, 9, 0, 0, 0.02%, 1, 1, 2, 4976.84
1690901351, 732, 0, 9, 0, 0, 0.02%, 1, 1, 2, 4830.24
1690901356, 735, 8, 9, 0, 0, 0.02%, 1, 1, 2, 4971.30
1690901361, 739, 6, 9, 0, 0, 0.02%, 1, 1, 2, 5027.41
1690901366, 743, 4, 9, 0, 0, 0.02%, 1, 1, 2, 4846.11
1690901372, 747, 4, 9, 0, 0, 0.02%, 1, 1, 2, 5022.69
1690901377, 751, 3, 9, 0, 0, 0.02%, 1, 1, 2, 5032.84
1690901382, 754, 8, 9, 0, 0, 0.02%, 1, 1, 2, 4647.55
1690901387, 758, 2, 9, 0, 0, 0.02%, 1, 1, 2, 4254.89
1690901392, 761, 4, 9, 0, 0, 0.02%, 1, 1, 2, 4129.01
1690901397, 765, 2, 9, 0, 0, 0.02%, 1, 1, 2, 4845.85
1690901402, 769, 2, 9, 0, 0, 0.02%, 1, 1, 2, 5068.23
1690901407, 773, 2, 9, 0, 0, 0.02%, 1, 1, 2, 5085.50
1690901412, 777, 2, 9, 0, 0, 0.02%, 1, 1, 2, 5118.24
1690901418, 781, 2, 9, 0, 0, 0.02%, 1, 1, 2, 5147.95
1690901423, 785, 2, 9, 0, 0, 0.02%, 1, 1, 2, 4996.63
1690901428, 788, 8, 9, 0, 0, 0.02%, 1, 1, 2, 5041.49
1690901433, 792, 6, 9, 0, 0, 0.02%, 1, 1, 2, 5041.79
1690901438, 796, 7, 9, 0, 0, 0.02%, 1, 1, 2, 5070.78
1690901443, 800, 8, 9, 0, 0, 0.02%, 1, 1, 2, 5057.33
1690901449, 804, 7, 9, 0, 0, 0.02%, 1, 1, 2, 5163.70
1690901454, 808, 6, 9, 0, 0, 0.02%, 1, 1, 2, 5146.08
1690901459, 812, 5, 9, 0, 0, 0.02%, 1, 1, 2, 5063.09
1690901464, 816, 5, 9, 0, 0, 0.02%, 1, 1, 2, 5045.80
1690901469, 820, 4, 9, 0, 0, 0.02%, 1, 1, 2, 4926.80
1690901474, 824, 3, 9, 0, 0, 0.02%, 1, 1, 2, 4984.85
1690901479, 828, 2, 9, 0, 0, 0.02%, 1, 1, 2, 5046.39
1690901484, 832, 2, 9, 0, 0, 0.02%, 1, 1, 2, 5015.93
1690901490, 836, 2, 9, 0, 0, 0.02%, 1, 1, 2, 4983.33
1690901495, 840, 2, 9, 0, 0, 0.02%, 1, 1, 2, 5124.15
1690901500, 844, 2, 9, 0, 0, 0.02%, 1, 1, 2, 5041.92
1690901505, 847, 8, 9, 0, 0, 0.02%, 1, 1, 2, 4915.15
1690901510, 851, 8, 9, 0, 0, 0.02%, 1, 1, 2, 4960.95
1690901515, 855, 7, 9, 0, 0, 0.02%, 1, 1, 2, 5033.51
1690901520, 859, 7, 9, 0, 0, 0.02%, 1, 1, 2, 5149.81
1690901526, 863, 7, 9, 0, 0, 0.02%, 1, 1, 2, 5145.89
1690901531, 867, 5, 9, 0, 0, 0.02%, 1, 1, 2, 5058.89
1690901536, 871, 3, 9, 0, 0, 0.02%, 1, 1, 2, 4953.54
1690901541, 875, 3, 9, 0, 0, 0.02%, 1, 1, 2, 5046.71
1690901546, 879, 3, 9, 0, 0, 0.02%, 1, 1, 2, 4998.37
1690901551, 883, 2, 9, 0, 0, 0.02%, 1, 1, 2, 5005.52
1690901556, 887, 2, 9, 0, 0, 0.02%, 1, 1, 2, 5124.02
1690901562, 891, 2, 9, 0, 0, 0.02%, 1, 1, 2, 5062.08
1690901567, 895, 0, 9, 0, 0, 0.02%, 1, 1, 2, 4972.85
1690901572, 899, 0, 9, 0, 0, 0.02%, 1, 1, 2, 5045.84
1690901577, 903, 0, 9, 0, 0, 0.02%, 1, 1, 2, 5012.32
1690901582, 906, 8, 9, 0, 0, 0.02%, 1, 1, 2, 5029.26
1690901587, 910, 8, 9, 0, 0, 0.02%, 1, 1, 2, 5107.15
1690901592, 914, 7, 9, 0, 0, 0.02%, 1, 1, 2, 5115.42
1690901597, 918, 5, 9, 0, 0, 0.02%, 1, 1, 2, 5116.40
1690901603, 922, 5, 9, 0, 0, 0.02%, 1, 1, 2, 5018.57
1690901608, 926, 3, 9, 0, 0, 0.02%, 1, 1, 2, 4934.06
1690901613, 930, 3, 9, 0, 0, 0.02%, 1, 1, 2, 5012.15
1690901618, 934, 3, 9, 0, 0, 0.02%, 1, 1, 2, 5003.47
1690901623, 938, 2, 9, 0, 0, 0.02%, 1, 1, 2, 5009.21
1690901628, 942, 3, 9, 0, 0, 0.02%, 1, 1, 2, 5015.32
1690901633, 946, 3, 9, 0, 0, 0.02%, 1, 1, 2, 5075.40
1690901639, 950, 3, 9, 0, 0, 0.02%, 1, 1, 2, 5105.77
1690901644, 954, 2, 9, 0, 0, 0.02%, 1, 1, 2, 5110.85
1690901649, 958, 2, 9, 0, 0, 0.02%, 1, 1, 2, 5065.89
1690901654, 962, 3, 9, 0, 0, 0.02%, 1, 1, 2, 5133.25
1690901659, 966, 2, 9, 0, 0, 0.02%, 1, 1, 2, 5087.43
1690901664, 970, 2, 9, 0, 0, 0.02%, 1, 1, 2, 5131.39
1690901670, 974, 2, 9, 0, 0, 0.02%, 1, 1, 2, 4985.93
1690901675, 978, 0, 9, 0, 0, 0.02%, 1, 1, 2, 4937.23
1690901680, 981, 8, 9, 0, 0, 0.02%, 1, 1, 2, 5033.34
1690901685, 985, 8, 9, 0, 0, 0.02%, 1, 1, 2, 5008.29
1690901690, 990, 1, 9, 0, 0, 0.02%, 1, 1, 2, 4991.95
1690901695, 993, 8, 9, 0, 0, 0.02%, 1, 1, 2, 5020.70
1690901701, 997, 8, 9, 0, 0, 0.02%, 1, 1, 2, 4991.47
1690901706, 1001, 8, 9, 0, 0, 0.02%, 1, 1, 2, 5091.23
1690901711, 1005, 7, 9, 0, 0, 0.02%, 1, 1, 2, 5055.84
1690901716, 1009, 7, 9, 0, 0, 0.02%, 1, 1, 2, 5090.73
1690901721, 1013, 5, 9, 0, 0, 0.02%, 1, 1, 2, 4981.82
1690901726, 1017, 5, 9, 0, 0, 0.02%, 1, 1, 2, 4947.14
1690901732, 1021, 4, 9, 0, 0, 0.02%, 1, 1, 2, 4869.82
1690901737, 1025, 1, 9, 0, 0, 0.02%, 1, 1, 2, 4884.45
1690901742, 1028, 8, 9, 0, 0, 0.02%, 1, 1, 2, 4974.74
1690901747, 1032, 8, 9, 0, 0, 0.02%, 1, 1, 2, 5002.92
1690901752, 1036, 8, 9, 0, 0, 0.02%, 1, 1, 2, 5039.09
1690901757, 1040, 8, 9, 0, 0, 0.02%, 1, 1, 2, 5076.95
1690901763, 1044, 8, 9, 0, 0, 0.02%, 1, 1, 2, 4984.82
1690901768, 1048, 8, 9, 0, 0, 0.02%, 1, 1, 2, 5108.34
1690901773, 1052, 8, 9, 0, 0, 0.02%, 1, 1, 2, 5045.82
1690901778, 1056, 7, 9, 0, 0, 0.02%, 1, 1, 2, 5054.11
1690901783, 1060, 7, 9, 0, 0, 0.02%, 1, 1, 2, 5115.48
1690901788, 1064, 5, 9, 0, 0, 0.02%, 1, 1, 2, 5004.75
1690901793, 1068, 4, 9, 0, 0, 0.02%, 1, 1, 2, 4989.73
1690901798, 1072, 3, 9, 0, 0, 0.02%, 1, 1, 2, 4906.04
1690901804, 1076, 2, 9, 0, 0, 0.02%, 1, 1, 2, 5016.67
1690901809, 1080, 2, 9, 0, 0, 0.02%, 1, 1, 2, 4998.31
1690901814, 1084, 2, 9, 0, 0, 0.02%, 1, 1, 2, 4966.47
1690901819, 1088, 2, 9, 0, 0, 0.02%, 1, 1, 2, 5070.69
1690901824, 1092, 2, 9, 0, 0, 0.02%, 1, 1, 2, 5146.60
1690901829, 1096, 2, 9, 0, 0, 0.02%, 1, 1, 2, 5152.52
1690901835, 1100, 2, 9, 0, 0, 0.02%, 1, 1, 2, 5066.42
1690901840, 1104, 1, 9, 0, 0, 0.02%, 1, 1, 2, 5021.50
1690901845, 1107, 8, 9, 0, 0, 0.02%, 1, 1, 2, 4986.45
1690901850, 1111, 8, 9, 0, 0, 0.02%, 1, 1, 2, 5105.42
1690901855, 1115, 6, 9, 0, 0, 0.02%, 1, 1, 2, 5122.76
1690901860, 1119, 5, 9, 0, 0, 0.02%, 1, 1, 2, 5002.40
1690901866, 1123, 4, 9, 0, 0, 0.02%, 1, 1, 2, 4988.00
1690901871, 1127, 3, 9, 0, 0, 0.02%, 1, 1, 2, 4943.73
1690901876, 1131, 3, 9, 0, 0, 0.02%, 1, 1, 2, 5026.57
1690901881, 1135, 3, 9, 0, 0, 0.02%, 1, 1, 2, 5023.96
1690901886, 1139, 2, 9, 0, 0, 0.02%, 1, 1, 2, 5084.74
1690901891, 1143, 2, 9, 0, 0, 0.02%, 1, 1, 2, 5065.22
1690901896, 1147, 2, 9, 0, 0, 0.02%, 1, 1, 2, 5095.09
1690901901, 1151, 0, 9, 0, 0, 0.02%, 1, 1, 2, 5023.78
1690901906, 1154, 8, 9, 0, 0, 0.02%, 1, 1, 2, 5014.43
1690901912, 1158, 8, 9, 0, 0, 0.02%, 1, 1, 2, 5111.41
1690901917, 1162, 8, 9, 0, 0, 0.02%, 1, 1, 2, 5070.91
1690901922, 1166, 8, 9, 0, 0, 0.02%, 1, 1, 2, 5056.41
1690901927, 1171, 0, 9, 0, 0, 0.02%, 1, 1, 2, 5115.44
1690901932, 1175, 0, 9, 0, 0, 0.02%, 1, 1, 2, 4977.55
1690901938, 1179, 0, 9, 0, 0, 0.02%, 1, 1, 2, 4967.79
1690901943, 1183, 0, 9, 0, 0, 0.02%, 1, 1, 2, 5019.01
1690901948, 1186, 8, 9, 0, 0, 0.02%, 1, 1, 2, 4943.47
1690901953, 1190, 8, 9, 0, 0, 0.02%, 1, 1, 2, 5047.32
1690901958, 1194, 7, 9, 0, 0, 0.02%, 1, 1, 2, 5066.49
1690901963, 1198, 7, 9, 0, 0, 0.02%, 1, 1, 2, 5092.92
1690901968, 1202, 6, 9, 0, 0, 0.02%, 1, 1, 2, 5144.15
1690901974, 1206, 6, 9, 0, 0, 0.02%, 1, 1, 2, 5113.42
1690901979, 1210, 6, 9, 0, 0, 0.02%, 1, 1, 2, 5109.93
1690901984, 1214, 5, 9, 0, 0, 0.02%, 1, 1, 2, 5099.26
1690901989, 1218, 4, 9, 0, 0, 0.02%, 1, 1, 2, 4949.08
1690901994, 1222, 4, 9, 0, 0, 0.02%, 1, 1, 2, 5036.31
1690901999, 1226, 4, 9, 0, 0, 0.02%, 1, 1, 2, 5001.02
1690902004, 1230, 3, 9, 0, 0, 0.02%, 1, 1, 2, 5007.62
1690902010, 1234, 3, 9, 0, 0, 0.02%, 1, 1, 2, 4987.46
1690902015, 1238, 3, 9, 0, 0, 0.02%, 1, 1, 2, 5011.22
1690902020, 1242, 0, 9, 0, 0, 0.02%, 1, 1, 2, 4908.92
1690902025, 1246, 1, 9, 0, 0, 0.02%, 1, 1, 2, 5042.92
1690902030, 1250, 0, 9, 0, 0, 0.02%, 1, 1, 2, 4955.69
1690902035, 1253, 8, 9, 0, 0, 0.02%, 1, 1, 2, 5056.46
1690902040, 1257, 6, 9, 0, 0, 0.02%, 1, 1, 2, 5113.90
1690902045, 1261, 6, 9, 0, 0, 0.02%, 1, 1, 2, 5075.52
1690902051, 1265, 6, 9, 0, 0, 0.02%, 1, 1, 2, 5136.02
1690902056, 1269, 5, 9, 0, 0, 0.02%, 1, 1, 2, 5050.38
1690902061, 1273, 4, 9, 0, 0, 0.02%, 1, 1, 2, 4974.65
1690902066, 1277, 3, 9, 0, 0, 0.02%, 1, 1, 2, 4985.69
1690902071, 1281, 3, 9, 0, 0, 0.02%, 1, 1, 2, 4988.12
1690902076, 1285, 3, 9, 0, 0, 0.02%, 1, 1, 2, 5028.88
1690902082, 1289, 3, 9, 0, 0, 0.02%, 1, 1, 2, 4990.63
1690902087, 1293, 1, 9, 0, 0, 0.02%, 1, 1, 2, 4790.69
1690902092, 1296, 3, 9, 0, 0, 0.02%, 1, 1, 2, 4250.41
1690902097, 1300, 1, 9, 0, 0, 0.02%, 1, 1, 2, 4726.02
1690902102, 1303, 4, 9, 0, 0, 0.02%, 1, 1, 2, 4362.30
1690902107, 1307, 4, 9, 0, 0, 0.02%, 1, 1, 2, 4911.58
1690902112, 1311, 4, 9, 0, 0, 0.02%, 1, 1, 2, 5072.25
1690902118, 1315, 3, 9, 0, 0, 0.02%, 1, 1, 2, 4961.82
1690902123, 1319, 4, 9, 0, 0, 0.02%, 1, 1, 2, 5000.80
1690902128, 1323, 3, 9, 0, 0, 0.02%, 1, 1, 2, 4988.36
1690902133, 1327, 4, 9, 0, 0, 0.02%, 1, 1, 2, 4999.03
1690902138, 1331, 2, 9, 0, 0, 0.02%, 1, 1, 2, 5002.47
1690902143, 1335, 1, 9, 0, 0, 0.02%, 1, 1, 2, 5037.91
1690902148, 1339, 0, 9, 0, 0, 0.02%, 1, 1, 2, 4909.30
1690902153, 1342, 8, 9, 0, 0, 0.02%, 1, 1, 2, 4947.51
1690902159, 1346, 8, 9, 0, 0, 0.02%, 1, 1, 2, 5066.33
1690902164, 1350, 6, 9, 0, 0, 0.02%, 1, 1, 2, 5153.77
1690902169, 1354, 6, 9, 0, 0, 0.02%, 1, 1, 2, 5231.56
1690902174, 1358, 6, 9, 0, 0, 0.02%, 1, 1, 2, 5151.35
1690902179, 1362, 4, 9, 0, 0, 0.02%, 1, 1, 2, 5065.21
1690902184, 1366, 4, 9, 0, 0, 0.02%, 1, 1, 2, 4950.44
1690902189, 1370, 4, 9, 0, 0, 0.02%, 1, 1, 2, 5047.90
1690902194, 1374, 3, 9, 0, 0, 0.02%, 1, 1, 2, 5079.28
1690902199, 1378, 2, 9, 0, 0, 0.02%, 1, 1, 2, 5090.76
1690902205, 1382, 2, 9, 0, 0, 0.02%, 1, 1, 2, 5066.54
1690902210, 1386, 3, 9, 0, 0, 0.02%, 1, 1, 2, 5085.70
1690902215, 1390, 2, 9, 0, 0, 0.02%, 1, 1, 2, 4994.77
1690902220, 1394, 1, 9, 0, 0, 0.02%, 1, 1, 2, 4919.89
1690902225, 1397, 8, 9, 0, 0, 0.02%, 1, 1, 2, 4988.67
1690902231, 1401, 8, 9, 0, 0, 0.02%, 1, 1, 2, 5077.86
1690902236, 1405, 8, 9, 0, 0, 0.02%, 1, 1, 2, 5064.12
1690902241, 1409, 4, 9, 0, 0, 0.02%, 1, 1, 2, 4852.16
1690902246, 1413, 3, 9, 0, 0, 0.02%, 1, 1, 2, 4908.74
1690902251, 1417, 3, 9, 0, 0, 0.02%, 1, 1, 2, 4971.20
1690902256, 1421, 2, 9, 0, 0, 0.02%, 1, 1, 2, 4990.94
1690902261, 1424, 8, 9, 0, 0, 0.02%, 1, 1, 2, 4921.61
1690902266, 1428, 7, 9, 0, 0, 0.02%, 1, 1, 2, 4994.50
1690902272, 1432, 7, 9, 0, 0, 0.02%, 1, 1, 2, 5087.99
1690902277, 1436, 6, 9, 0, 0, 0.02%, 1, 1, 2, 5011.22
1690902282, 1440, 4, 9, 0, 0, 0.02%, 1, 1, 2, 5022.60
1690902287, 1444, 4, 9, 0, 0, 0.02%, 1, 1, 2, 4942.24
1690902292, 1448, 3, 9, 0, 0, 0.02%, 1, 1, 2, 4971.21
1690902297, 1452, 1, 9, 0, 0, 0.02%, 1, 1, 2, 4932.63
1690902302, 1455, 8, 9, 0, 0, 0.02%, 1, 1, 2, 5036.95
1690902307, 1459, 8, 9, 0, 0, 0.02%, 1, 1, 2, 5052.97
1690902312, 1463, 8, 9, 0, 0, 0.02%, 1, 1, 2, 5058.08
1690902318, 1467, 6, 9, 0, 0, 0.02%, 1, 1, 2, 5183.18
1690902323, 1471, 6, 9, 0, 0, 0.02%, 1, 1, 2, 5055.78
1690902328, 1475, 4, 9, 0, 0, 0.02%, 1, 1, 2, 4946.15
1690902333, 1479, 4, 9, 0, 0, 0.02%, 1, 1, 2, 5016.85
1690902338, 1483, 3, 9, 0, 0, 0.02%, 1, 1, 2, 4902.63
1690902343, 1487, 4, 9, 0, 0, 0.02%, 1, 1, 2, 5051.12
1690902348, 1491, 3, 9, 0, 0, 0.02%, 1, 1, 2, 4930.26
1690902354, 1495, 3, 9, 0, 0, 0.02%, 1, 1, 2, 5013.45
1690902359, 1499, 3, 9, 0, 0, 0.02%, 1, 1, 2, 5072.95
1690902364, 1503, 2, 9, 0, 0, 0.02%, 1, 1, 2, 5053.95
1690902369, 1507, 2, 9, 0, 0, 0.02%, 1, 1, 2, 5112.45
1690902374, 1511, 2, 9, 0, 0, 0.02%, 1, 1, 2, 5095.49
1690902379, 1514, 8, 9, 0, 0, 0.02%, 1, 1, 2, 4898.91
1690902385, 1518, 6, 9, 0, 0, 0.02%, 1, 1, 2, 4850.96
1690902390, 1522, 5, 9, 0, 0, 0.02%, 1, 1, 2, 4917.99
1690902395, 1526, 3, 9, 0, 0, 0.02%, 1, 1, 2, 4780.86
1690902400, 1530, 3, 9, 0, 0, 0.02%, 1, 1, 2, 4900.59
1690902405, 1534, 1, 9, 0, 0, 0.02%, 1, 1, 2, 4833.30
1690902410, 1537, 4, 9, 0, 0, 0.02%, 1, 1, 2, 4224.07
1690902416, 1540, 5, 9, 0, 0, 0.02%, 1, 1, 2, 4078.11
1690902421, 1543, 6, 9, 0, 0, 0.02%, 1, 1, 2, 4104.44
1690902426, 1546, 8, 9, 0, 0, 0.02%, 1, 1, 2, 4119.05
1690902431, 1550, 1, 9, 0, 0, 0.02%, 1, 1, 2, 4058.16
1690902436, 1553, 8, 9, 0, 0, 0.02%, 1, 1, 2, 4820.52
1690902441, 1557, 5, 9, 0, 0, 0.02%, 1, 1, 2, 4973.13
1690902446, 1561, 5, 9, 0, 0, 0.02%, 1, 1, 2, 4983.34
1690902451, 1565, 4, 9, 0, 0, 0.02%, 1, 1, 2, 4936.45
1690902457, 1569, 3, 9, 0, 0, 0.02%, 1, 1, 2, 5035.21
1690902462, 1573, 1, 9, 0, 0, 0.02%, 1, 1, 2, 4990.85
1690902467, 1576, 8, 9, 0, 0, 0.02%, 1, 1, 2, 5016.88
1690902472, 1580, 7, 9, 0, 0, 0.02%, 1, 1, 2, 5124.74
1690902477, 1584, 5, 9, 0, 0, 0.02%, 1, 1, 2, 4986.20
1690902482, 1588, 4, 9, 0, 0, 0.02%, 1, 1, 2, 4841.03
1690902487, 1592, 4, 9, 0, 0, 0.02%, 1, 1, 2, 5007.68
1690902492, 1596, 3, 9, 0, 0, 0.02%, 1, 1, 2, 4990.62
1690902498, 1600, 2, 9, 0, 0, 0.02%, 1, 1, 2, 5094.60
1690902503, 1604, 2, 9, 0, 0, 0.02%, 1, 1, 2, 5149.08
1690902508, 1608, 2, 9, 0, 0, 0.02%, 1, 1, 2, 5114.50
1690902513, 1612, 2, 9, 0, 0, 0.02%, 1, 1, 2, 5087.95
1690902518, 1616, 0, 9, 0, 0, 0.02%, 1, 1, 2, 4942.66
1690902523, 1619, 8, 9, 0, 0, 0.02%, 1, 1, 2, 4995.02
1690902528, 1623, 8, 9, 0, 0, 0.02%, 1, 1, 2, 5029.47
1690902534, 1627, 8, 9, 0, 0, 0.02%, 1, 1, 2, 5047.65
1690902539, 1631, 8, 9, 0, 0, 0.02%, 1, 1, 2, 5087.12
1690902544, 1635, 5, 9, 0, 0, 0.02%, 1, 1, 2, 4957.09
1690902549, 1639, 5, 9, 0, 0, 0.02%, 1, 1, 2, 5058.19
1690902554, 1643, 4, 9, 0, 0, 0.02%, 1, 1, 2, 5032.91
1690902559, 1647, 3, 9, 0, 0, 0.02%, 1, 1, 2, 5012.14
1690902564, 1651, 2, 9, 0, 0, 0.02%, 1, 1, 2, 4968.75
1690902569, 1655, 0, 9, 0, 0, 0.02%, 1, 1, 2, 4846.01
1690902575, 1659, 0, 9, 0, 0, 0.02%, 1, 1, 2, 4973.94
1690902580, 1662, 8, 9, 0, 0, 0.02%, 1, 1, 2, 5117.59
1690902585, 1666, 8, 9, 0, 0, 0.02%, 1, 1, 2, 5074.20
1690902590, 1670, 5, 9, 0, 0, 0.02%, 1, 1, 2, 4937.04
1690902595, 1674, 4, 9, 0, 0, 0.02%, 1, 1, 2, 4925.40
1690902600, 1678, 4, 9, 0, 0, 0.02%, 1, 1, 2, 5018.03
1690902605, 1682, 5, 9, 0, 0, 0.02%, 1, 1, 2, 5067.25
1690902611, 1686, 2, 9, 0, 0, 0.02%, 1, 1, 2, 4993.96
1690902616, 1690, 2, 9, 0, 0, 0.02%, 1, 1, 2, 5058.42
1690902621, 1693, 8, 9, 0, 0, 0.02%, 1, 1, 2, 4917.15
1690902626, 1697, 6, 9, 0, 0, 0.02%, 1, 1, 2, 5075.16
1690902631, 1701, 5, 9, 0, 0, 0.02%, 1, 1, 2, 5072.36
1690902636, 1705, 5, 9, 0, 0, 0.02%, 1, 1, 2, 5080.37
1690902641, 1709, 5, 9, 0, 0, 0.02%, 1, 1, 2, 5070.83
1690902646, 1713, 4, 9, 0, 0, 0.02%, 1, 1, 2, 5037.57
1690902651, 1717, 3, 9, 0, 0, 0.02%, 1, 1, 2, 5010.10
1690902657, 1721, 2, 9, 0, 0, 0.02%, 1, 1, 2, 5044.29
1690902662, 1725, 1, 9, 0, 0, 0.02%, 1, 1, 2, 4900.79
1690902667, 1728, 8, 9, 0, 0, 0.02%, 1, 1, 2, 5004.18
1690902672, 1732, 3, 9, 0, 0, 0.02%, 1, 1, 2, 4636.77
1690902677, 1736, 3, 9, 0, 0, 0.02%, 1, 1, 2, 4922.00
1690902682, 1740, 2, 9, 0, 0, 0.02%, 1, 1, 2, 5062.24
1690902687, 1744, 2, 9, 0, 0, 0.02%, 1, 1, 2, 5069.95
1690902693, 1748, 2, 9, 0, 0, 0.02%, 1, 1, 2, 5100.55
1690902698, 1751, 8, 9, 0, 0, 0.02%, 1, 1, 2, 4951.90
1690902703, 1755, 8, 9, 0, 0, 0.02%, 1, 1, 2, 5036.98
1690902708, 1759, 7, 9, 0, 0, 0.02%, 1, 1, 2, 5077.71
1690902713, 1763, 8, 9, 0, 0, 0.02%, 1, 1, 2, 5130.05
1690902718, 1767, 8, 9, 0, 0, 0.02%, 1, 1, 2, 5092.90
1690902723, 1771, 8, 9, 0, 0, 0.02%, 1, 1, 2, 5186.72
1690902728, 1775, 6, 9, 0, 0, 0.02%, 1, 1, 2, 5163.56
1690902734, 1779, 5, 9, 0, 0, 0.02%, 1, 1, 2, 5079.07
1690902739, 1783, 4, 9, 0, 0, 0.02%, 1, 1, 2, 4906.70
1690902744, 1787, 3, 9, 0, 0, 0.02%, 1, 1, 2, 4896.98
1690902749, 1791, 3, 9, 0, 0, 0.02%, 1, 1, 2, 4946.96
1690902754, 1795, 3, 9, 0, 0, 0.02%, 1, 1, 2, 4999.64
1690902759, 1799, 0, 9, 0, 0, 0.02%, 1, 1, 2, 4941.76
1690902764, 1802, 8, 9, 0, 0, 0.02%, 1, 1, 2, 4961.08
1690902769, 1806, 7, 9, 0, 0, 0.02%, 1, 1, 2, 5091.64
1690902775, 1810, 6, 9, 0, 0, 0.02%, 1, 1, 2, 5010.07
1690902780, 1814, 4, 9, 0, 0, 0.02%, 1, 1, 2, 4975.00
1690902785, 1818, 5, 9, 0, 0, 0.02%, 1, 1, 2, 5055.44
1690902790, 1822, 4, 9, 0, 0, 0.02%, 1, 1, 2, 4963.25
1690902795, 1826, 4, 9, 0, 0, 0.02%, 1, 1, 2, 4933.26
1690902800, 1830, 3, 9, 0, 0, 0.02%, 1, 1, 2, 4938.93
1690902805, 1834, 2, 9, 0, 0, 0.02%, 1, 1, 2, 5091.87
1690902811, 1838, 1, 9, 0, 0, 0.02%, 1, 1, 2, 4976.00
1690902816, 1842, 0, 9, 0, 0, 0.02%, 1, 1, 2, 4945.51
1690902821, 1845, 7, 9, 0, 0, 0.02%, 1, 1, 2, 5067.94
1690902826, 1849, 6, 9, 0, 0, 0.02%, 1, 1, 2, 5084.66
1690902831, 1853, 6, 9, 0, 0, 0.02%, 1, 1, 2, 5090.74
1690902836, 1857, 4, 9, 0, 0, 0.02%, 1, 1, 2, 4872.53
1690902841, 1861, 5, 9, 0, 0, 0.02%, 1, 1, 2, 5164.59
1690902847, 1865, 5, 9, 0, 0, 0.02%, 1, 1, 2, 5116.31
1690902852, 1869, 6, 9, 0, 0, 0.02%, 1, 1, 2, 5190.23
1690902857, 1873, 6, 9, 0, 0, 0.02%, 1, 1, 2, 5111.87
1690902862, 1877, 5, 9, 0, 0, 0.02%, 1, 1, 2, 4969.70
1690902867, 1881, 4, 9, 0, 0, 0.02%, 1, 1, 2, 4908.15
1690902872, 1885, 2, 9, 0, 0, 0.02%, 1, 1, 2, 5042.91
1690902877, 1889, 2, 9, 0, 0, 0.02%, 1, 1, 2, 5022.53
1690902883, 1893, 1, 9, 0, 0, 0.02%, 1, 1, 2, 4994.73
1690902888, 1896, 8, 9, 0, 0, 0.02%, 1, 1, 2, 4959.48
1690902893, 1900, 8, 9, 0, 0, 0.02%, 1, 1, 2, 5069.92
1690902898, 1904, 8, 9, 0, 0, 0.02%, 1, 1, 2, 5050.48
1690902903, 1908, 7, 9, 0, 0, 0.02%, 1, 1, 2, 5093.66
1690902908, 1912, 7, 9, 0, 0, 0.02%, 1, 1, 2, 5122.21
1690902914, 1916, 6, 9, 0, 0, 0.02%, 1, 1, 2, 5071.74
1690902919, 1920, 5, 9, 0, 0, 0.02%, 1, 1, 2, 5116.21
1690902924, 1924, 4, 9, 0, 0, 0.02%, 1, 1, 2, 5033.31
1690902929, 1928, 4, 9, 0, 0, 0.02%, 1, 1, 2, 4940.09
1690902934, 1932, 3, 9, 0, 0, 0.02%, 1, 1, 2, 4925.61
1690902939, 1936, 3, 9, 0, 0, 0.02%, 1, 1, 2, 5020.28
1690902945, 1940, 3, 9, 0, 0, 0.02%, 1, 1, 2, 5021.47
1690902950, 1944, 3, 9, 0, 0, 0.02%, 1, 1, 2, 5015.14
1690902955, 1948, 2, 9, 0, 0, 0.02%, 1, 1, 2, 4954.83
1690902960, 1952, 1, 9, 0, 0, 0.02%, 1, 1, 2, 5010.09
1690902965, 1956, 1, 9, 0, 0, 0.02%, 1, 1, 2, 5005.38
1690902970, 1959, 8, 9, 0, 0, 0.02%, 1, 1, 2, 5027.09
1690902976, 1963, 7, 9, 0, 0, 0.02%, 1, 1, 2, 4970.79
1690902981, 1967, 6, 9, 0, 0, 0.02%, 1, 1, 2, 5042.13
1690902986, 1971, 6, 9, 0, 0, 0.02%, 1, 1, 2, 5068.16
1690902991, 1975, 6, 9, 0, 0, 0.02%, 1, 1, 2, 5025.73
1690902996, 1979, 8, 9, 0, 0, 0.02%, 1, 1, 2, 5149.13
1690903001, 1983, 8, 9, 0, 0, 0.02%, 1, 1, 2, 5117.49
1690903006, 1987, 7, 9, 0, 0, 0.02%, 1, 1, 2, 5042.21
1690903012, 1991, 7, 9, 0, 0, 0.02%, 1, 1, 2, 5079.95
1690903017, 1995, 6, 9, 0, 0, 0.02%, 1, 1, 2, 5050.14
1690903022, 1999, 4, 9, 0, 0, 0.02%, 1, 1, 2, 4829.17
1690903027, 2002, 8, 9, 0, 0, 0.02%, 1, 1, 2, 4429.16
1690903032, 2006, 8, 9, 0, 0, 0.02%, 1, 1, 2, 5022.58
1690903037, 2010, 8, 9, 0, 0, 0.02%, 1, 1, 2, 5053.02
1690903042, 2014, 8, 9, 0, 0, 0.02%, 1, 1, 2, 5200.27
1690903047, 2018, 8, 9, 0, 0, 0.02%, 1, 1, 2, 5169.48
