# relative_time, cycles_done, cur_item, corpus_count, pending_total, pending_favs, map_size, saved_crashes, saved_hangs, max_depth, execs_per_sec, total_execs, edges_found
62, 0, 872, 1381, 500, 368, 0.13%, 0, 0, 1, 43.59, 12192, 10569
67, 0, 872, 1381, 500, 368, 0.13%, 0, 0, 1, 44.71, 12430, 10569
72, 0, 872, 1381, 500, 368, 0.13%, 0, 0, 1, 40.07, 12624, 10569
77, 0, 916, 1381, 499, 367, 0.13%, 0, 0, 1, 39.86, 12831, 10569
82, 0, 796, 1381, 498, 366, 0.13%, 0, 0, 1, 39.27, 13032, 10569
87, 0, 796, 1381, 498, 366, 0.13%, 0, 0, 1, 39.73, 13242, 10569
93, 0, 432, 1381, 497, 365, 0.13%, 0, 0, 1, 39.80, 13446, 10569
98, 0, 432, 1381, 497, 365, 0.13%, 0, 0, 1, 39.10, 13647, 10569
103, 0, 70, 1381, 496, 364, 0.13%, 0, 0, 1, 40.78, 13860, 10569
108, 0, 70, 1381, 496, 364, 0.13%, 0, 0, 1, 41.25, 14076, 10569
113, 0, 70, 1381, 496, 364, 0.13%, 0, 0, 1, 41.52, 14292, 10569
118, 0, 70, 1381, 496, 364, 0.13%, 0, 0, 1, 41.32, 14499, 10569
123, 0, 70, 1381, 496, 364, 0.13%, 0, 0, 1, 41.44, 14706, 10569
129, 0, 70, 1381, 496, 364, 0.13%, 0, 0, 1, 41.69, 14922, 10569
134, 0, 70, 1381, 496, 364, 0.13%, 0, 0, 1, 41.66, 15138, 10569
139, 0, 70, 1381, 496, 364, 0.13%, 0, 0, 1, 41.27, 15345, 10569
144, 0, 70, 1381, 496, 364, 0.13%, 0, 0, 1, 41.11, 15551, 10569
149, 0, 70, 1381, 496, 364, 0.13%, 0, 0, 1, 38.29, 15748, 10569
154, 0, 70, 1381, 496, 364, 0.13%, 0, 0, 1, 38.17, 15939, 10569
159, 0, 870, 1381, 495, 363, 0.13%, 0, 0, 1, 40.16, 16149, 10569
164, 0, 870, 1381, 495, 363, 0.13%, 0, 0, 1, 39.16, 16349, 10569
169, 0, 935, 1381, 494, 362, 0.13%, 0, 0, 1, 39.26, 16548, 10569
174, 0, 1324, 1381, 493, 361, 0.13%, 0, 0, 1, 39.56, 16753, 10569
180, 0, 744, 1381, 492, 360, 0.13%, 0, 0, 1, 39.43, 16956, 10569
185, 0, 744, 1381, 492, 360, 0.13%, 0, 0, 1, 42.36, 17172, 10569
190, 0, 744, 1381, 492, 360, 0.13%, 0, 0, 1, 42.98, 17388, 10569
195, 0, 744, 1381, 492, 360, 0.13%, 0, 0, 1, 43.14, 17604, 10569
200, 0, 744, 1381, 492, 360, 0.13%, 0, 0, 1, 42.24, 17825, 10569
205, 0, 744, 1381, 492, 360, 0.13%, 0, 0, 1, 39.55, 18027, 10569
210, 0, 426, 1381, 491, 360, 0.13%, 0, 0, 1, 39.33, 18231, 10569
215, 0, 348, 1381, 490, 359, 0.13%, 0, 0, 1, 39.02, 18432, 10569
220, 0, 179, 1381, 489, 358, 0.13%, 0, 0, 1, 40.10, 18637, 10569
226, 0, 179, 1381, 489, 358, 0.13%, 0, 0, 1, 39.23, 18831, 10569
231, 0, 806, 1381, 488, 357, 0.13%, 0, 0, 1, 40.15, 19031, 10569
236, 0, 806, 1381, 488, 357, 0.13%, 0, 0, 1, 42.27, 19247, 10569
241, 0, 806, 1381, 488, 357, 0.13%, 0, 0, 1, 42.49, 19463, 10569
246, 0, 806, 1381, 488, 357, 0.13%, 0, 0, 1, 42.50, 19679, 10569
251, 0, 806, 1381, 488, 357, 0.13%, 0, 0, 1, 42.76, 19895, 10569
256, 0, 806, 1381, 488, 357, 0.13%, 0, 0, 1, 40.00, 20102, 10569
261, 0, 120, 1381, 487, 356, 0.13%, 0, 0, 1, 41.21, 20313, 10569
266, 0, 120, 1381, 487, 356, 0.13%, 0, 0, 1, 42.71, 20529, 10569
271, 0, 120, 1381, 487, 356, 0.13%, 0, 0, 1, 43.07, 20745, 10569
276, 0, 120, 1381, 487, 356, 0.13%, 0, 0, 1, 43.27, 20970, 10569
281, 0, 120, 1381, 487, 356, 0.13%, 0, 0, 1, 43.21, 21186, 10569
286, 0, 120, 1381, 487, 356, 0.13%, 0, 0, 1, 43.12, 21402, 10569
291, 0, 120, 1381, 487, 356, 0.13%, 0, 0, 1, 42.54, 21618, 10569
297, 0, 120, 1381, 487, 356, 0.13%, 0, 0, 1, 39.81, 21822, 10569
302, 0, 658, 1381, 486, 355, 0.13%, 0, 0, 1, 41.70, 22036, 10569
307, 0, 658, 1381, 486, 355, 0.13%, 0, 0, 1, 39.77, 22236, 10569
312, 0, 618, 1381, 485, 354, 0.13%, 0, 0, 1, 40.73, 22440, 10569
317, 0, 618, 1384, 488, 354, 0.13%, 0, 0, 2, 39.98, 22647, 10576
322, 0, 618, 1384, 488, 354, 0.13%, 0, 0, 2, 39.08, 22847, 10576
327, 0, 914, 1384, 487, 353, 0.13%, 0, 0, 2, 39.38, 23049, 10576
333, 0, 914, 1384, 487, 353, 0.13%, 0, 0, 2, 39.23, 23253, 10576
338, 0, 411, 1384, 486, 352, 0.13%, 0, 0, 2, 39.97, 23461, 10576
343, 0, 12, 1384, 485, 351, 0.13%, 0, 0, 2, 39.49, 23662, 10576
348, 0, 12, 1384, 485, 351, 0.13%, 0, 0, 2, 39.24, 23865, 10576
353, 0, 808, 1384, 484, 350, 0.13%, 0, 0, 2, 40.62, 24077, 10576
358, 0, 808, 1384, 484, 350, 0.13%, 0, 0, 2, 39.29, 24278, 10576
364, 0, 670, 1384, 483, 349, 0.13%, 0, 0, 2, 39.15, 24481, 10576
369, 0, 543, 1384, 482, 350, 0.13%, 0, 0, 2, 42.93, 24657, 10576
374, 0, 543, 1384, 482, 350, 0.13%, 0, 0, 2, 43.14, 24882, 10576
379, 0, 543, 1384, 482, 350, 0.13%, 0, 0, 2, 41.89, 25094, 10576
384, 0, 543, 1384, 482, 350, 0.13%, 0, 0, 2, 39.63, 25294, 10576
389, 0, 29, 1384, 481, 349, 0.13%, 0, 0, 2, 42.26, 25508, 10576
394, 0, 29, 1384, 481, 349, 0.13%, 0, 0, 2, 42.34, 25724, 10576
399, 0, 29, 1384, 481, 349, 0.13%, 0, 0, 2, 42.33, 25940, 10576
404, 0, 29, 1384, 481, 349, 0.13%, 0, 0, 2, 42.32, 26156, 10576
409, 0, 29, 1384, 481, 349, 0.13%, 0, 0, 2, 41.07, 26365, 10576
414, 0, 29, 1384, 481, 349, 0.13%, 0, 0, 2, 39.34, 26565, 10576
419, 0, 330, 1384, 480, 348, 0.13%, 0, 0, 2, 42.13, 26780, 10576
424, 0, 330, 1384, 480, 348, 0.13%, 0, 0, 2, 42.93, 26996, 10576
429, 0, 330, 1384, 480, 348, 0.13%, 0, 0, 2, 42.95, 27212, 10576
434, 0, 330, 1384, 480, 348, 0.13%, 0, 0, 2, 42.96, 27428, 10576
440, 0, 330, 1384, 480, 348, 0.13%, 0, 0, 2, 40.73, 27641, 10576
445, 0, 330, 1384, 480, 348, 0.13%, 0, 0, 2, 38.58, 27833, 10576
450, 0, 572, 1384, 479, 347, 0.13%, 0, 0, 2, 39.17, 28037, 10576
455, 0, 931, 1384, 478, 346, 0.13%, 0, 0, 2, 40.22, 28238, 10576
460, 0, 931, 1384, 478, 346, 0.13%, 0, 0, 2, 41.49, 28454, 10576
465, 0, 931, 1384, 478, 346, 0.13%, 0, 0, 2, 41.63, 28670, 10576
470, 0, 931, 1384, 478, 346, 0.13%, 0, 0, 2, 0.00, 28877, 10576
